relative_time,cts,e_cts
2500.35841,3188.4118571815893,1320.699103821941
2500.37924,6893.768805393061,1318.1836898110337
2500.39313,2836.670519568697,1289.9283172235741
2500.40008,3587.3548226530024,1299.8884094057858
2500.40703,5172.709554980067,1317.2673764116792
2500.41397,2562.925396760729,1273.8509464787935
2500.42092,3419.6986908003455,1301.154894262371
2500.42786,3802.6433450989166,1261.9479446970759
2500.4348,5748.206919058164,1281.655928928769
2500.44175,3980.32060170944,1263.073630465037
2500.4487,6417.0175536073975,1277.8843985297274
2500.45564,4339.46325844375,1223.8104790877971
2500.46259,3582.8664540487825,1230.0101162804488
2500.46953,5670.673161510856,1262.3625656116094
2500.47648,4955.589112676473,1249.0172863036603
2500.48342,7782.170994618868,1213.5492300264868
2500.49037,4320.780692177157,1210.9038566894271
2500.49731,5569.3233854021755,1219.29666060647
2500.50426,5607.268327404079,1216.583185283448
2500.5112,2704.8984787898085,1217.6016516617458
2500.51815,7319.6687284254585,1218.462352366682
2500.52509,3305.238104158914,1199.712862349178
2500.53204,2519.1617409582404,1231.8724346024496
2500.53898,1776.304335495864,1226.5102868842246
2500.54593,3276.062765643441,1201.6568323602305
2500.55287,2743.944481447104,1200.1154652661892
2500.55982,2545.9486792013313,1190.9661166227406
2500.56676,1254.219429701926,1216.3506016843319
2500.57371,5328.33955948815,1196.4823774856688
2500.58065,4162.8239090898705,1193.8466656760295
2500.5876,6429.050750362278,1202.9295618625874
2500.59454,4569.243600725982,1189.2643917382247
2500.60149,2025.3663765682486,1187.0455394897162
2500.60843,6542.092270707987,1199.0585884252205
2500.61538,3621.8551944825863,1198.6194602216208
2500.62232,6533.706536201252,1195.878532021905
2500.62927,4956.076430693668,1190.4911700735831
2500.63621,4891.872753222147,1185.3180112575778
2500.64316,6407.84063426375,1177.6485258384957
2500.6501,1122.442086865307,1188.8351607090553
2500.65705,2919.9446382856813,1185.269939267487
2500.664,1347.8537692245256,1185.425584117757
2500.67094,4183.276420050447,1181.6344950168645
2500.67789,7161.989301869237,1174.738756555936
2500.68483,7112.819314534103,1180.7746190764644
2500.69178,1832.6480069405163,1193.9469334788905
2500.69872,488.18413778193354,1191.5982397277346
2500.70567,1976.1504380661147,1194.1601940231662
2500.71261,4428.243269555212,1204.129947732798
2500.71956,2845.9381630112907,1194.3332767521945
2500.7265,5431.30929096879,1195.4377542892335
2500.73345,3002.62728300694,1174.100035334655
2500.74039,2748.8067040330848,1194.54170653276
2500.74734,7052.014845185428,1189.8047303327264
2500.75428,3499.2302637005487,1187.6134487844174
2500.76123,7004.313056547653,1186.948806392009
2500.76817,6102.9627710496725,1189.9349253058892
2500.77512,2001.5448203021363,1173.6111856118928
2500.78206,4953.419392829602,1181.9171536056585
2500.78901,3869.0211018869995,1176.9247360465147
2500.79595,6907.315445071269,1173.1659305860267
2500.8029,5031.817032316485,1203.2426189157038
2500.80984,408.16124086535984,1195.627450132484
2500.81679,2966.473611753446,1188.5243423025365
2500.82373,3408.835952745374,1188.5668765878866
2500.83068,4042.3525563345024,1193.0237863162386
2500.83762,2431.9696372253447,1196.0915569191704
2500.84457,3311.7188682347933,1176.7902994271676
2500.85151,2792.106959989917,1169.716647473501
2500.85846,3824.8768761629585,1183.4163398848652
2500.8654,4532.2652827601205,1203.223884978389
2500.87235,3949.863225634705,1167.2517797462922
2500.8793,2329.176523178887,1193.4764642229275
2500.88624,7840.28732069812,1190.410814443088
2500.89319,3213.7119806135106,1171.1515021189095
2500.90013,6424.337574510279,1178.0887144536416
2500.90708,2892.7988096459812,1169.6395909011494
2500.91402,4123.634750873849,1166.930475047817
2500.92097,3885.853132182103,1156.398114101215
2500.92791,3288.8791352368858,1164.3536749907398
2500.93486,3896.7261208820214,1157.1686798247306
2500.9418,4100.7047650710165,1168.27484124129
2500.94875,-657.504644467982,1174.584525587728
2500.95569,2843.313526611132,1174.3565371053116
2500.96264,2939.030396586811,1166.762223082499
2500.96958,4757.3518900687,1161.6624683101866
2500.97653,3566.144470907464,1173.09841771759
2500.98347,3956.3171259514156,1179.490342870605
2500.99042,2497.9287670997187,1174.9015886400184
2500.99736,2765.272303227251,1171.7804439892652
2501.00431,2661.6629079372897,1182.6685140978389
2501.01125,-2552.419899573295,1161.8614722103423
2501.0182,785.9851678077067,1175.4687909936888
2501.02514,7128.854033170028,1171.196275050857
2501.03209,3448.0914455947805,1180.760126785334
2501.03903,2470.785059283111,1161.488796463633
2501.04598,5555.483718666723,1162.5673528295445
2501.05292,7493.292738636187,1162.401692981339
2501.05987,3396.2805622157807,1181.4078025930046
2501.06681,4314.198835533881,1166.1206740970952
2501.07376,4025.1894419899977,1170.4311292085772
2501.0807,5209.740540052719,1163.7289747665689
2501.08765,3780.6154160513183,1161.1373289478458
2501.09459,7074.18310202763,1160.1318231551118
2501.10154,4573.665516873312,1228.7972411186952
2501.10848,5487.261788376429,1225.8094726757429
2501.11543,3311.6021051412145,1219.5727210789769
2501.12238,3836.780702709212,1224.7444660129206
2501.12932,3665.3652941020464,1220.604265866344
2501.13627,3384.085358141354,1223.6799306441192
2501.14321,3942.8284554377296,1223.5644636090967
2501.15016,3685.5132313018753,1218.5477744078974
2501.1571,7317.939904134765,1225.2121075047605
2501.16405,2339.918492141105,1222.1511706651258
2501.17099,4684.341848177149,1220.777230771867
2501.17794,6584.221714494396,1226.9676777311186
2501.18488,8784.53726223551,1238.722811013905
2501.19183,4451.333730972025,1237.4404199841276
2501.19877,5544.458030704163,1234.7538084202743
2501.20572,4913.144726660867,1244.4671781827544
2501.21266,4341.100416047458,1244.0060169836966
2501.21961,4445.58877468565,1250.75105918157
2501.22655,4658.731613279738,1228.909409095574
2501.2335,5517.130400396056,1241.476228505164
2501.24044,7206.601522555633,1239.021493599396
2501.24739,5487.171299924493,1243.7922851454002
2501.25433,5597.2080852425115,1237.1023843479247
2501.26128,9243.785478864384,1225.4217155203776
2501.26822,4770.48591183196,1234.6759270833868
2501.27517,3944.92642076998,1245.780203323864
2501.28211,6887.954568885672,1252.5485745757526
2501.28906,7519.006422571098,1227.1263859925216
2501.296,5425.111303305211,1235.573742192437
2501.30295,8288.206336015233,1232.9069249774445
2501.30989,5998.2319316379335,1239.7445764503464
2501.31684,8300.181681429098,1233.273945195908
2501.32378,8074.603160986623,1233.9709890522256
2501.33073,4961.3066160861545,1231.8936428333723
2501.33768,3539.4629847014603,1236.5946828643425
2501.34462,6038.965049065108,1233.6707747611679
2501.35157,4725.436801588562,1235.2322896745857
2501.35851,2082.688218752446,1219.0905872960066
2501.36546,436.55929771752545,1231.6816783476527
2501.3724,5141.472069477902,1239.3691907630189
2501.37935,3778.9914546801842,1229.3682138245294
2501.38629,3895.6650023948678,1227.5861333095183
2501.39324,1219.6134880117502,1227.1988474481734
2501.40018,3735.6016528594573,1224.6939197292222
2501.40713,5969.473923977612,1226.0131895161035
2501.41407,2881.7567442162094,1231.8083386156618
2501.42102,1490.744107241001,1225.0900423534515
2501.42796,2292.669970527544,1222.6855002608665
2501.43491,5092.339903487911,1224.8209334677467
2501.44185,5783.296997530898,1208.9549380911594
2501.4488,1963.3286485914346,1221.2050479189747
2501.45574,6431.221884091211,1220.2632846425129
2501.46269,5903.448930763873,1218.6234170981875
2501.46963,464.8944368179545,1225.3794168820377
2501.47658,2600.1035433912825,1221.245225734222
2501.48352,5011.797994031263,1232.5260015853762
2501.49047,3382.8417310447626,1238.0527487402608
2501.49741,6438.465201892258,1224.0625035652588
2501.50436,2475.385949334725,1231.876440601624
2501.5113,3567.0233164321894,1218.007200166385
2501.51825,1581.6039388649242,1171.778205342668
2501.52519,868.1011992928206,1162.3160352931134
2501.53214,6520.720029466408,1174.8800269385808
2501.53908,4676.621816474368,1164.3066634121951
2501.54603,3048.401125630361,1164.788325901145
2501.55297,4566.275037514366,1174.4503246153909
2501.55992,5813.7160809664665,1179.06971295731
2501.56686,9249.170130872088,1252.7839859389917
2501.57381,2405.729753516548,1163.4127364788142
2501.58076,2665.21622920484,1244.0124972764784
2501.5877,5236.932202035913,1174.6598148075027
2501.59465,1677.9519893575562,1188.1896057244771
2501.60159,2698.164158530901,1188.7306512600098
2501.60854,666.9696422816595,1185.088491069595
2501.61548,4369.855124649636,1239.850264134443
2501.62243,2631.030210486929,1255.6039737106462
2501.62937,5631.1866167679,1172.2146236056496
2501.63632,1967.5100869648054,1246.7204348947591
2501.64326,7469.278305292186,1255.5266814912845
2501.65021,3920.950751359165,1259.3353262944406
2501.65715,3580.416314259714,1268.619818498267
2501.6641,4189.964082201325,1258.8936059737282
2501.67104,4486.450319733412,1257.5196660804688
2501.67799,2086.9422364049733,1256.5405527528826
2501.68493,5391.64789614423,1261.594827652217
2501.69188,4784.709329723604,1247.373059289645
2501.69882,2938.842585919643,1260.5745939213423
2501.70577,5668.856323061833,1262.2141079951523
2501.71271,4616.721171233506,1285.419211682452
2501.71966,2921.9593023998086,1257.5435842520092
2501.7266,7074.376096929025,1260.1954378818507
2501.73355,3593.0210728379543,1250.5484027527557
2501.74049,4771.236918853625,1260.9274753191905
2501.74744,2456.5949854434166,1249.0298934187085
2501.75438,5645.772931055327,1258.238035991214
2501.76133,3511.9441268445353,1257.1869325019966
2501.76827,5059.102717456769,1261.4170319829836
2501.77522,1587.238612350503,1250.0256198605173
2501.78216,4138.765409754953,1266.459053237785
2501.78911,1083.9788392643588,1265.2941322426173
2501.79605,4016.7065030915346,1269.7096859206704
2501.803,9956.21272548171,1273.595505119683
2501.80995,6623.067535016484,1258.2082266444174
2501.81689,2723.4619254927206,1262.2632403967893
2501.82384,2135.8050578622483,1253.109060989631
2501.83078,5250.354891386729,1257.4212834536897
2501.83773,1886.1230295058976,1255.8872214169662
2501.84467,7475.243827180157,1242.8519357510002
2501.85162,4848.99265588459,1249.4210674557226
2501.85856,6608.859669827518,1263.745224444248
2501.86551,3360.8346567575704,1248.1542291286219
2501.87245,2958.968136653498,1236.7938045880032
2501.8794,706.2536484193065,1245.9800319885558
2501.88634,2757.296947988865,1241.8636321900142
2501.89329,3045.538957043872,1242.7884288817377
2501.90023,3231.402590790459,1244.1186562545959
2501.90718,3292.1142152170946,1258.2878753338819
2501.91412,3284.1901132034377,1253.1348643372532
2501.92107,2168.741558308312,1255.866248833054
2501.92801,3161.5496297187237,1230.2100627686452
2501.93496,4138.607172787571,1233.3909439364968
2501.9419,7398.377421965873,1258.55545251402
2501.94885,8213.583879456051,1241.7382679805612
2501.95579,2916.186304119214,1244.019802333796
2501.96274,6660.052097628118,1239.0191371292933
2501.96968,4137.946300747326,1228.842838815178
2501.97663,2963.9602007421263,1233.2573320816855
2501.98357,4686.969430164935,1236.135878135387
2501.99052,3810.136802201343,1233.3916508775274
2501.99746,2146.0480442802645,1217.3449142440793
2502.00441,4092.1228544282476,1223.361571533272
2502.01135,7393.558440606273,1229.2653539045555
2502.0183,6089.416367018474,1234.1246309029082
2502.02525,2488.5408258583925,1215.1437355213395
2502.03219,290.91613132731635,1218.9455465611984
2502.03913,5440.588952408907,1237.090248526897
2502.04608,4712.852426476708,1247.2703171931764
2502.05303,750.0220171619994,1239.489017267731
2502.05997,3555.554729913866,1239.0029953090914
2502.06692,3411.9733570398344,1244.2165675873541
2502.07386,4406.116368763309,1252.1809652397635
2502.08081,1880.3006631766555,1237.880844246284
2502.08775,3700.1649376346472,1230.609484451018
2502.0947,5734.741813245504,1234.5707106933103
2502.10164,6015.461734086339,1250.0740453211238
2502.10859,3939.8596565791026,1235.5943613058337
2502.11553,4259.175140817141,1236.9830291372336
2502.12248,5009.687892877984,1205.422471584016
2502.12942,5139.100400143246,1247.9412042313563
2502.13637,3828.1388199023354,1231.1231949333617
2502.14331,423.4963235278551,1222.2906736951936
2502.15026,5345.878530814003,1233.827715669994
2502.1572,6245.211088786723,1213.6618692973861
2502.16415,3241.7544461272105,1222.579459106254
2502.17109,2776.7337025117617,1224.9462976771993
2502.17804,1918.2987435793714,1240.02193298141
2502.18498,-604.6909652368656,1235.6866171103466
2502.19193,3835.1661672184878,1225.705670167728
2502.19887,6066.605618602827,1238.4280166040828
2502.20582,1124.9452472316812,1231.4803179773949
2502.21276,5113.247448825279,1238.6243105636206
2502.21971,2822.247273012362,1229.8708488973912
2502.22665,3380.8018527005383,1231.96716470057
2502.2336,-308.7402355355709,1222.5533022881166
2502.24054,4465.989796774486,1216.5190892966602
2502.24749,947.250670565905,1235.2955608968375
2502.25443,2577.40649465808,1238.3316369768909
2502.26138,3549.414593591303,1244.281488338678
2502.26832,5310.413891418479,1234.4918867683818
2502.27527,8069.487617864625,1238.6194797999106
2502.28222,7164.4635954768555,1235.120121697707
2502.28916,6723.196423965063,1237.9350430586412
2502.29611,3689.9111114541597,1213.058730774653
2502.30305,7052.96026099055,1218.5771124606733
2502.31,7318.425336975879,1226.9432882655576
2502.31694,5063.669792162413,1217.2962531364626
2502.32389,5805.545610003595,1222.8275954080468
2502.33083,76.12152501488461,1217.797238680253
2502.33778,2309.9408933792383,1213.3576490071544
2502.34472,6021.434914502141,1214.7524436608205
2502.35167,3195.0893865110265,1223.4286131076879
2502.35861,3341.093799767948,1203.8940650755383
2502.36556,1149.9198243189435,1215.8484379054905
2502.3725,4298.538795644252,1221.2427514406145
2502.37945,-958.1507586720014,1216.3001732241385
2502.38639,3082.091814332728,1225.4499931616074
2502.39334,3520.9018944686504,1221.5085612681758
2502.40028,5661.703729359732,1219.0694968885896
2502.40723,4085.1229599887897,1223.3476683596673
2502.41417,3595.434805163939,1213.3087522525275
2502.42112,5474.987289083053,1226.7111759604622
2502.42806,5021.797674911196,1221.46037145458
2502.43501,7287.553811280631,1220.4124492000008
2502.44195,6039.196807899689,1223.9781419355895
2502.4489,813.6603774559323,1198.0916109186621
2502.45584,4689.504049407176,1238.627491798259
2502.46279,1187.2234529824548,1213.121412879379
2502.46973,4014.7456843192494,1195.6261540739279
2502.47668,5449.868024731496,1191.9144780154895
2502.48362,8023.742052882434,1198.4758333688737
2502.49057,4488.744696848705,1272.4183304799822
2502.49752,1340.3510040651947,1234.855725752207
2502.50446,1427.3915867705011,1236.3174441567842
2502.5114,1778.9239054853017,1249.1864808570192
2502.51835,4212.244742667416,1185.4000164171448
2502.52529,5208.717949851742,1179.6285498421164
2502.53224,2130.182873668213,1193.603477961452
2502.53919,348.25729656635446,1184.0978310385065
2502.54613,3712.0376587755477,1193.5682487334198
2502.55308,1855.865599919359,1228.9270826213424
2502.56002,1721.3290662397299,1173.4082935360682
2502.56697,3309.773248694669,1212.0123402256404
2502.57391,3932.585704666724,1206.4196119078863
2502.58086,-1579.064842329487,1229.4780253313054
2502.5878,3305.757587993009,1217.4699249830164
2502.59475,2424.566197280834,1208.4104756739782
2502.60169,4779.9765951697555,1165.9154255511678
2502.60864,5090.808315744795,1229.211037268693
2502.61558,4964.910012343383,1234.883060805396
2502.62253,5448.047415930311,1198.8753728747517
2502.62947,2931.9523851634553,1196.3665569801312
2502.63642,4911.01742327584,1185.5879449078186
2502.64336,2499.1731011373404,1208.1923843659924
2502.65031,4851.1088838601345,1194.3258538713715
2502.65725,7620.673143908563,1222.8678910467995
2502.6642,1722.9246321461287,1207.8721400790635
2502.67114,3136.2788443395784,1200.500748127947
2502.67809,1070.96947476952,1208.7055057308105
2502.68503,1768.0783696620779,1193.6975011185414
2502.69198,8600.565991804731,1223.4941229765375
2502.69892,3847.5537770767837,1220.9490174423388
2502.70587,3953.59599210056,1242.3735723201937
2502.71281,4346.550577924011,1227.4048029351313
2502.71976,7261.7821581811995,1211.4531498703184
2502.7267,3260.3815175228888,1216.7085494929006
2502.73365,4069.9650838780017,1216.6483416817819
2502.74059,6438.414773432063,1211.4183919363068
2502.74754,490.8004087132275,1212.650707976406
2502.75449,1701.8670974867373,1186.0129342908035
2502.76143,4234.938610165979,1193.6944377074083
2502.76838,283.25371531854177,1207.3080011365264
2502.77532,3383.561514837569,1185.241425979247
2502.78227,3494.9568051696765,1224.6112076286245
2502.78921,2915.8938661794946,1160.8911956456404
2502.79616,5708.995020905653,1195.0091123775896
2502.8031,339.7100260340933,1143.2293344039426
2502.81005,2490.6722530660986,1150.1468702133188
2502.81699,2289.716135254068,1209.9538457676067
2502.82394,6145.200612460794,1209.3941841182643
2502.83088,3558.7835652483036,1213.0156073717772
2502.83783,1863.1170475422587,1142.9126248221673
2502.84477,316.144264597607,1169.7294902355595
2502.85172,-1913.2042908647898,1189.3349680177944
2502.85866,4538.07515979782,1181.8707311446394
2502.86561,3691.858498346861,1204.1566936684612
2502.87255,8387.657032868314,1205.3058263139424
2502.8795,2140.5855109356726,1187.5636094417496
2502.88644,3327.18320328241,1234.9019125662162
2502.89339,3082.9765510327097,1183.8606523226904
2502.90033,3467.2866619321712,1201.2682504403292
2502.90728,3893.931111693453,1201.4375628171933
2502.91422,3834.1604257787435,1197.4160109402771
2502.92117,3482.2113653263173,1205.5156699765696
2502.92811,4548.308484688416,1190.3669840991815
2502.93506,4112.152143358417,1194.5147249500865
2502.942,4643.621809159042,1203.3189685470245
2502.94895,558.3772553129638,1213.3534073609699
2502.95589,3947.6433129746506,1196.7023539697368
2502.96284,416.65961464299437,1225.6803381141262
2502.96978,4716.732001029949,1196.590068169353
2502.97673,4058.7092866099338,1195.778499866054
2502.98367,4630.274291204495,1179.1307455329645
2502.99062,3439.6572856274393,1177.4856937544134
2502.99756,3822.896852159338,1149.2880546844651
2503.00451,5805.0085704672365,1176.0637996945686
2503.01145,2461.050716936718,1137.9881914254806
2503.0184,4102.612798913005,1132.7099340429043
2503.02535,4888.602444013906,1178.3845692750099
2503.03229,2296.5151406172886,1165.6315887273224
2503.03924,-1394.9848208034775,1169.188562523532
2503.04618,5024.7572835364235,1174.5687372380412
2503.05313,680.5010827277058,1170.7168512085045
2503.06007,3450.293684729066,1167.0183713826402
2503.06702,128.78226933634906,1159.4681233507442
2503.07396,2832.0666839294545,1181.9586274794624
2503.08091,4991.844583438395,1210.8475370539777
2503.08785,5296.034357382545,1205.881747606992
2503.0948,4664.8293331404575,1167.519003455915
2503.10174,4253.17438970114,1174.0590327548719
2503.10869,2832.0483034626545,1167.4851881099444
2503.11563,319.74165185607444,1208.3288239849269
2503.12258,3211.5040859509786,1224.1143459075138
2503.12952,4902.151322338711,1214.8299715271924
2503.13647,3219.030180164324,1195.5836197885778
2503.14341,6891.870786549007,1211.862704374132
2503.15036,3190.9989078836115,1212.8955452200553
2503.1573,5534.107353602463,1216.9914437287052
2503.16425,5266.790916881109,1204.1412587892899
2503.17119,4750.559247174756,1199.544492560355
2503.17814,3430.4959189864676,1203.293754316928
2503.18508,3604.9972430163543,1201.6717959453813
2503.19203,3567.712937407684,1209.5061164481328
2503.19897,5989.96602363591,1205.7864283913461
2503.20592,1668.7458497846376,1181.1212558285413
2503.21286,2548.5119295553186,1136.076151584317
2503.21981,-571.9379159882809,1183.4759585784584
2503.22675,5202.569683707324,1193.5313699763158
2503.2337,3336.5464015876596,1189.2739354421399
2503.24064,2271.101435326427,1206.781212245114
2503.24759,1766.012923617242,1191.643837424218
2503.25454,1595.41356060657,1188.1765273154083
2503.26148,2486.4131690028507,1195.4439989350049
2503.26843,5536.792315637244,1200.8810824024893
2503.27537,4549.978515050053,1194.6700163298408
2503.28232,3785.6127821976775,1191.7015709417292
2503.28926,3053.0256982065052,1175.1179125954275
2503.29621,2979.017102109022,1207.019215725466
2503.30315,4953.68649871572,1162.8167851898934
2503.3101,4656.965321114414,1165.0457702598424
2503.31704,488.04722686897867,1211.6978692904624
2503.32399,1286.030597850544,1190.6505852760167
2503.33093,650.4205062223593,1221.0651914183918
2503.33788,7146.624409859945,1199.5935071384868
2503.34482,280.6131727451921,1204.371839388819
2503.35177,4646.771702745046,1200.54634582443
2503.35871,3774.1129724504967,1173.3545660177313
2503.36566,4494.8302808883955,1200.5342100034022
2503.3726,4637.198307306654,1216.4214136109117
2503.37955,2202.777941174715,1206.4051196167559
2503.38649,6827.29773238892,1191.8932697845669
2503.39344,2032.3330447792619,1199.4007478841027
2503.40038,1442.3010909324857,1211.4683491024796
2503.40733,5734.693269961393,1218.035477807615
2503.41427,14.83056241355122,1179.0268252014446
2503.42122,9169.472073359142,1217.1029047645532
2503.42816,3611.477182327698,1215.0731592417699
2503.43511,5611.6957812561495,1213.1096305288665
2503.44205,-209.48547917151276,1152.0864807546818
2503.449,3009.954255496625,1207.4262959356715
2503.45594,4019.3830996574525,1202.3911084441675
2503.46289,4480.487625609566,1169.6994452417528
2503.46983,2806.888272178327,1158.8608610053316
2503.47678,3176.1044851302836,1182.7195316755578
2503.48372,4103.578244713997,1134.7273080976493
2503.49067,1099.801357767555,1144.9111471160925
2503.49761,1752.7088825360865,1146.7573236178914
2503.50456,3757.9306209626493,1142.4710223249601
2503.5115,4862.115484414863,1147.201753879222
2503.51845,3822.8721092232613,1139.6680011380436
2503.5254,3422.0822603090182,1144.1243217488698
2503.53234,2437.6137365913332,1127.0885746134047
2503.53929,2806.094377400796,1134.0898829349246
2503.54623,4025.144079940525,1144.5438912506188
2503.55318,3668.2312330407,1168.2883909443792
2503.56012,3016.0253472451855,1149.3508546126964
2503.56707,1995.833915008742,1133.7069565432694
2503.57401,237.3236387273258,1143.8197479881226
2503.58096,2915.5525314851484,1148.6340164075177
2503.5879,2400.4392424894386,1157.0315332647654
2503.59485,1600.251275903485,1156.3369637020553
2503.60179,5360.136942286669,1154.6904980414429
2503.60874,3401.8076628411804,1157.6346717874987
2503.61568,595.1941550768047,1148.2386007243192
2503.62263,3051.2713062151984,1155.1956074079123
2503.62957,-518.3752327350869,1163.3887004837686
2503.63652,5877.9348398466445,1154.2558471310376
2503.64346,4706.561711714596,1165.6590416040165
2503.65041,3333.665499063856,1167.5392690987965
2503.65735,2403.5504899657617,1181.336401548899
2503.6643,1076.3283234296018,1167.7462849973006
2503.67124,1296.748177347202,1165.112458363743
2503.67819,4597.778450667598,1156.8551514775936
2503.68513,607.3761629186575,1152.6850241607153
2503.69208,2201.7803295568247,1157.741655530152
2503.69902,3414.2914166796572,1149.0267221500983
2503.70597,5385.0187922753985,1167.4874267565417
2503.71291,2839.8000296883138,1154.5663120670413
2503.71986,-142.23606409251815,1158.4667413806894
2503.7268,5014.578982222722,1160.6210263483895
2503.73375,4442.55069560601,1147.8694596827636
2503.74069,2096.2332089015817,1153.3790046058998
2503.74764,6139.306491616931,1153.6225457909925
2503.75458,1398.0514131713583,1147.5424994560424
2503.76153,2651.5067574425507,1151.4132372463991
2503.76847,3079.8151107432036,1150.4170395105698
2503.77542,1932.6507069151062,1170.7963820744637
2503.78236,4715.541630157674,1142.0819691110385
2503.78931,1280.1257550677144,1162.5238759561532
2503.79626,-1850.543747839887,1164.9307745188407
2503.8032,-682.6715095156078,1152.8068536650142
2503.81015,4152.667876418637,1155.4828611134064
2503.81709,794.7268471234236,1119.309042040536
2503.82404,4032.3334345762237,1125.426791897126
2503.83098,4198.286898956323,1155.123499422776
2503.83793,3154.2929978615985,1152.158470916313
2503.84487,3616.924634263633,1175.7766638125797
2503.85182,3115.8752301336285,1130.99583769035
2503.85876,2004.7668218732765,1143.6457226710534
2503.86571,2592.411553682721,1134.419788749274
2503.87265,3887.435148385413,1141.9119497931433
2503.8796,3549.0421534916036,1139.1862208255886
2503.88654,1682.35399333252,1152.696099570197
2503.89349,1635.53682357122,1153.365926196831
2503.90043,2881.7786593881633,1146.4341337433343
2503.90738,4013.8953520827645,1155.9186902588626
2503.91432,7887.635403173512,1150.9234449355959
2503.92127,3906.8871021404702,1131.706313426252
2503.92821,2079.4263928365735,1115.1206520803632
2503.93516,3543.182672758247,1125.87475686361
2503.9421,4082.7347953634167,1154.3654229908038
2503.94905,2131.23350586341,1125.9070405040143
2503.95599,3790.953014743949,1129.527403345981
2503.96294,2130.9985657941916,1137.9614454898174
2503.96988,2478.104962362487,1163.4179207130396
2503.97683,2923.7334887399766,1126.8598791899576
2503.98377,2639.868622900353,1118.725815690169
2503.99072,4785.770448210757,1153.04379673382
2503.99766,1969.717863803832,1121.7301972473438
2504.00461,2026.7751922190246,1110.0755674144286
2504.01155,2957.7071895016534,1117.546755874386
2504.0185,1419.1467691758949,1123.0262558037152
2504.02545,3071.87038961615,1119.6246912107651
2504.03239,100.15752006032355,1112.6001716587357
2504.03934,4954.37670880874,1143.4618001795536
2504.04628,2229.841175537323,1141.569672510756
2504.05322,3661.8343593004693,1125.6313335020225
2504.06017,2011.77626001665,1157.2945153282037
2504.06712,1074.7599747528868,1159.6166987907063
2504.07406,966.6863646772551,1162.121862156668
2504.08101,681.6083880288676,1151.9653581914135
2504.13657,1351.7995605876467,1201.6606027123944
2504.14351,6458.879538037173,1180.3860371565631
2504.15046,4810.9714820748695,1156.8935619402644
2504.1574,2040.5387449701664,1141.0571402634637
2504.16435,3701.938652680795,1142.8427554836285
2504.17129,5691.044256429391,1180.7031002088536
2504.17824,3695.722991491446,1189.8082650378803
2504.18518,5274.752015475375,1180.7199489700865
2504.19213,3540.527048776241,1195.536490386528
2504.19907,5625.5367440501595,1185.4690609911477
2504.20602,5084.377626658594,1189.8715362601322
2504.21296,3813.9209397154327,1195.2665567362872
2504.21991,5475.7698728040905,1194.6981761475656
2504.22685,3662.647694956345,1198.192585662554
2504.2338,4697.611602618314,1190.3033594064143
2504.24074,8043.961391126368,1205.711728289097
2504.24769,193.73070918376342,1164.8419355959766
2504.25463,2037.5476774690705,1203.4874561593529
2504.26158,2214.3704780204293,1161.1334407721768
2504.26852,4889.076801445539,1184.585855996733
2504.27547,4709.024576442217,1183.2834349710847
2504.28241,7458.135736412544,1192.7902601290814
2504.28936,283.0912367049748,1218.0870845028596
2504.29631,1225.350432299777,1189.1629457003123
2504.30325,5765.342816172986,1214.471552424603
2504.3102,1120.5044793235313,1225.9514499994182
2504.31714,1985.4047674526291,1195.5192881547796
2504.32409,4960.370037043918,1208.6214975716566
2504.33103,1980.2035666424044,1193.3717191268718
2504.33798,633.3434030365955,1217.392868410665
2504.34492,7737.192931949059,1208.5726008170298
2504.35187,2695.5019364326085,1200.002119054259
2504.35881,-123.67014309599857,1193.1220511195124
2504.36576,3112.608219983531,1184.2669077683606
2504.3727,994.2279624706694,1210.1632181362133
2504.37965,2382.8498427033924,1269.3353606448893
2504.38659,1956.8648511002937,1246.458277595857
2504.39354,3471.572374107577,1200.7334495505681
2504.40048,416.3294731816349,1182.0902363346868
2504.40743,1155.34913143509,1200.6264658079149
2504.41437,3182.515026397108,1184.0411579325416
2504.42132,695.756870171252,1189.0784662471378
2504.42826,508.64147950622004,1246.296859393836
2504.43521,482.6487895111752,1196.704356969324
2504.44215,4011.862189678333,1247.2286076723622
2504.4491,5410.907444115418,1260.2754400418303
2504.45604,385.02812733969154,1179.1167245358547
2504.46299,2971.790750892714,1188.829151710294
2504.46993,2350.2126139603456,1169.394400186985
2504.47688,1304.1068443597653,1197.6753404750566
2504.48382,-1419.8526497950968,1257.1024530488223
2504.49077,2738.644191069069,1277.3920141018114
2504.49771,3935.559569936071,1285.344865050718
2504.50466,3254.590610069515,1169.8279906858438
2504.5116,4524.120143850851,1246.4354198358626
2504.51855,2825.923248548748,1261.7324455062026
2504.52549,1385.2379891655416,1171.4718642293437
2504.53244,2898.084725556391,1253.8474608962472
2504.53938,4604.086956778984,1250.5615989853297
2504.54633,657.3309726214281,1241.1295917530872
2504.55327,4475.9251460206215,1245.8342843127164
2504.56022,1900.7273707896093,1247.2164718513343
2504.56716,793.3937919864428,1245.7803211473695
2504.57411,128.33230137027783,1240.0421986242914
2504.58106,827.3828098037858,1171.9675477154033
2504.588,5047.666414578851,1273.9294169332063
2504.59495,7992.138254102836,1253.8531164244935
2504.60189,7007.84905775995,1172.010082000753
2504.60884,3795.8673153191953,1243.3909782869455
2504.61578,3602.297199572917,1237.8806085992737
2504.62273,2951.786440545632,1247.2958848937885
2504.62967,1705.405455169137,1179.1183740649265
2504.63662,2207.60623059122,1274.3344941438252
2504.64356,3993.3277275576816,1237.6387169432526
2504.65051,1737.7358715048395,1246.4930355298686
2504.65745,6264.5724362663395,1282.7624094653952
2504.6644,3365.9630426416284,1278.2894757403458
2504.67134,3610.278917280579,1180.1010220976664
2504.67829,3581.2215200937358,1283.4666405555251
2504.68523,4424.623260183761,1300.6930261222822
2504.69218,4380.6227791359715,1268.3557760232825
2504.69912,2374.370438510083,1296.6472026033102
2504.70607,3448.324264840907,1307.6370722203114
2504.71301,5110.799547682808,1184.604000816522
2504.71996,3767.2079259326633,1253.738591977512
2504.7269,2196.1655682436117,1179.1988475189266
2504.73385,2864.7456221933157,1257.2215726125035
2504.74079,2167.0859024143,1166.6264904045954
2504.74774,3943.002480754799,1246.6945137236319
2504.75468,-935.2313769846293,1303.9872535020636
2504.76163,2434.4246077781227,1267.420728686613
2504.76857,500.1157706753966,1229.6506367663133
2504.77552,2773.8777785710445,1290.3130109678061
2504.78246,2311.396956255569,1294.520134865294
2504.78941,1617.1693173573306,1242.8951769773807
2504.79635,2979.4971150689003,1258.0043919805519
2504.8033,2967.8113798306326,1250.2657441639615
2504.81024,2545.8604293959934,1284.7634060529278
2504.81719,5642.264618366734,1282.9261841375182
2504.82413,1816.2599356127218,1285.9517739256155
2504.83108,2378.266508354042,1295.7594024921957
2504.83802,3910.1940544588056,1233.6448535900406
2504.84497,1598.1451807493813,1272.8864432658427
2504.85191,3224.606295367856,1233.5578998432584
2504.85886,221.1821719957572,1236.9756062564109
2504.86581,4257.753835874822,1248.4697604753458
2504.87275,-193.42754930507758,1247.4068746356158
2504.8797,3092.554188117286,1242.5830625123056
2504.88664,3568.4346063765724,1255.6078618863155
2504.89359,3601.307835600385,1270.5192512243823
2504.90053,732.5861414031308,1269.947335930507
2504.90748,3348.2961149892103,1287.1018491591378
2504.91442,-1955.482899208686,1270.4010742487421
2504.92137,3344.849070523282,1276.6777680137452
2504.92831,2984.787390448999,1267.972613984617
2504.93526,2438.069006615135,1239.158522335856
2504.9422,78.6005315627083,1301.3170194054226
2504.94915,5205.037143551646,1239.3546984718887
2504.95609,5311.152880442622,1292.8207664508805
2504.96304,2901.0362043597643,1285.2747600651692
2504.96998,1033.8484725389524,1159.367737724378
2504.97693,-615.8349479985701,1182.6002942883715
2504.98387,889.5416603438676,1281.3352133478195
2504.99082,3179.069395813241,1259.4721193838905
2504.99776,115.1573948507389,1291.0577733436994
2505.00471,-202.47804402772633,1185.3101170827347
2505.01165,1403.3482866677443,1298.5116417484037
2505.0186,3823.3639045336517,1280.524234162046
2505.02554,1604.234417317731,1306.2821019113774
2505.03249,840.4189202342875,1276.739861000946
2505.03943,1528.904784080789,1303.7357003186223
2505.04638,3748.532075605862,1237.817690847537
2505.05332,3771.729167294813,1283.6576324573323
2505.06027,2066.5845733660226,1286.5936763815348
2505.06721,3644.8349018045824,1286.9879138296822
2505.07416,3270.4090047500317,1179.0099764402116
2505.0811,2303.765881299157,1269.1008918696912
2505.08805,1371.4060987814278,1262.4146436008746
2505.09499,1582.914843182942,1260.019880859215
2505.10194,748.8615734600262,1266.9725280731186
2505.10888,6598.323067234731,1231.2953350743487
2505.11583,3466.1390609922564,1252.835121340216
2505.12277,194.9249682317074,1260.3388290875876
2505.12972,1986.153771474707,1249.769118089861
2505.13666,-985.4637788654736,1243.6659783479065
2505.14361,393.04860898054017,1208.9650709126004
2505.15056,3403.873815827047,1296.2610949770167
2505.1575,5328.301031201975,1254.1036091963883
2505.16445,-1389.2722659810117,1247.2079885589653
2505.17139,1260.4168282479802,1289.9066376986314
2505.17834,1506.8895799717438,1288.4245358276676
2505.18528,4068.7902657084032,1306.7839122197038
2505.19223,4117.295021533604,1267.140073097406
2505.19917,1449.7577871013127,1251.9417835243605
2505.20612,-259.70609870184467,1234.0952928501324
2505.21306,3185.452955497392,1272.0227969732787
2505.22001,3302.694530330282,1252.8326470466084
2505.22695,2222.7378320603652,1271.4937694352686
2505.2339,987.0849124724842,1290.7602689932598
2505.24084,1148.9164393493018,1311.7074030283495
2505.24779,5109.404870852646,1301.8555906473478
2505.25473,-310.98795454283476,1314.118071943201
2505.26168,4424.621728478194,1315.7119883205278
2505.26862,404.62205841842416,1316.5248526823832
2505.27557,-1375.5084775828595,1278.650369136543
2505.28251,333.1465498576168,1295.301658174786
2505.28946,64.68086266727616,1302.1834934621097
2505.2964,4770.804153119303,1308.351671778893
2505.30335,2450.661511548842,1295.0177035274357
2505.31029,4993.254812971231,1302.0842860707946
2505.31724,365.78224689509733,1295.6991946810767
2505.32418,2528.6483004733564,1251.7107316308109
2505.33113,2049.919852448195,1263.0691531718423
2505.33807,2541.1556190128586,1305.6273566933996
2505.34502,6643.786091451632,1292.3202522011106
2505.35196,-1054.6459707225338,1185.0738809549596
2505.35891,2053.1020296746033,1303.2442584787473
2505.36585,1207.7906062135173,1289.109797333473
2505.3728,1788.019173139898,1289.6847760384815
2505.37974,180.4622508011555,1296.601722730332
2505.38669,-272.21930841660327,1294.1614801156943
2505.39364,-258.19524789563064,1306.8207909768075
2505.40058,3637.5273701932433,1282.6699180138721
2505.40752,-816.3952966568868,1297.0939893347431
2505.41447,1490.2339314638114,1256.7549915322097
2505.42141,-538.9055072090455,1265.0140657709355
2505.42836,833.4264486756521,1270.3699688433892
2505.43531,1366.4612819183542,1270.5642598033398
2505.44225,5908.106376097947,1238.3027702181353
2505.4492,2657.730666277258,1275.1368722137242
2505.45614,1460.1849316578382,1291.9031569929691
2505.46309,4230.140130096271,1278.85078691876
2505.47003,2547.0072055713713,1283.148752738699
2505.47698,1644.4406280299886,1281.4399584438752
2505.48392,2617.305421668973,1233.8678934852417
2505.49087,268.73079007687113,1286.6195975526623
2505.49781,1326.2807567302134,1260.8822310932228
2505.50476,2681.2826423636443,1256.623147029975
2505.5117,6181.514288034248,1278.073976549473
2505.51865,4295.385367353095,1248.1519904820245
2505.52559,173.11795825621755,1276.0919495462651
2505.53254,-2263.87166722847,1269.1143237492752
2505.53948,1903.450507640052,1238.5844862188885
2505.54643,1362.0042543664972,1270.6592255484704
2505.55337,1455.7072849925844,1223.4340329889237
2505.56032,193.04309120785564,1218.2433184706551
2505.56726,2361.1750307006523,1280.6055323805824
2505.57421,2144.630509690109,1241.7354402164385
2505.58115,1354.4689699197518,1195.5965803741415
2505.5881,30.690077497356352,1238.0426159188198
2505.59504,-1910.9163940422784,1196.3762185075516
2505.60199,909.1652829458917,1216.6406831539489
2505.60893,593.6154379316387,1207.9110218357546
2505.61588,7350.303782345923,1213.7886473889005
2505.62282,5057.343259054742,1219.532071969709
2505.62977,981.0408023065975,1256.033440386826
2505.63671,-402.3016423084983,1260.5412498693918
2505.64366,6644.8186966505455,1234.430382898707
2505.6506,2002.562815386414,1233.2245771472608
2505.65755,2155.543794028779,1249.641633057316
2505.66449,5994.376746550253,1271.9498642236063
2505.67144,4646.310305898977,1291.8068951892824
2505.67838,3139.4383994530017,1271.3811301643693
2505.68533,1470.1623438953031,1268.0417763821251
2505.69228,530.2174375881604,1224.0522529203129
2505.69922,-256.1832937221213,1223.682994055252
2505.70616,952.9797206790885,1225.7811950345128
2505.71311,2603.5914726134883,1273.1855971453542
2505.72005,3393.510767257309,1266.6624166076303
2505.727,2863.1275519974383,1275.2860367712121
2505.73395,295.0156823646252,1283.854869004911
2505.74089,3724.5228264960865,1252.4623277700014
2505.74784,2420.4350695441512,1268.346703613388
2505.75478,6470.053801439693,1246.3787467298976
2505.76173,7076.336562230795,1259.0054204800913
2505.76867,2062.988953460132,1244.7222660713494
2505.77562,7262.565213196259,1231.1210741102695
2505.78256,459.6922934196887,1264.469132059734
2505.78951,1773.2569483593188,1248.6330638534487
2505.79645,7306.396853161203,1220.1985995381995
2505.8034,2354.745991143523,1199.519160506753
2505.81034,4613.9599773909085,1270.790127462664
2505.81729,-1630.4073772756165,1188.5388345936667
2505.82423,1110.8714651915461,1272.3885211331856
2505.83118,5630.99857045372,1232.9406224999102
2505.83812,605.4255947913183,1227.5410069070554
2505.84507,4108.166645474068,1309.5300246536451
2505.85201,888.8210517865251,1317.5487389419168
2505.85896,2417.781919855754,1228.7080487253156
2505.8659,3801.05449513231,1220.2022520668584
2505.87285,-559.6559938140822,1224.1388531965797
2505.87979,1929.627355773606,1262.1669785931026
2505.88674,2677.182148738295,1234.8635021035454
2505.89368,304.28674268886743,1241.5118112037117
2505.90063,3839.4867551514108,1266.44467877016
2505.90757,3296.5462641858644,1272.6328870828142
2505.91452,2089.384246372188,1285.1442116214907
2505.92146,6745.437260086422,1249.638687469688
2505.92841,4721.521762160279,1255.9947942771448
2505.93535,3445.91736627822,1241.7692555624092
2505.9423,2269.7842863626374,1283.8657087673826
2505.94924,4316.546351049986,1238.136285605394
2505.95619,1640.2528271873414,1281.6027905279577
2505.96313,7744.062631415355,1279.1143580997239
2505.97008,986.3373223324681,1281.6381375794952
2505.97702,2067.5256297014535,1243.7691917383959
2505.98397,-789.4430520361065,1238.8396919309885
2505.99092,4984.293746288974,1257.2715297786763
2505.99786,1177.2108115169574,1255.0493784720245
2506.0048,3873.1108735733824,1221.3074365449281
2506.01175,-696.4137362123222,1249.9134518836386
2506.0187,1522.575776679511,1290.3038207344066
2506.02564,3498.0256361841543,1249.9660011669243
2506.03259,-239.58149055603045,1212.131106318806
2506.03953,1014.0967757868577,1206.3226431631686
2506.04648,1374.5842700086612,1278.9462239579111
2506.05342,3237.087103618705,1243.9793888715383
2506.06037,2677.1946380298373,1171.1447861791175
2506.06731,558.7234207710201,1175.8160168632915
2506.07426,198.79558819855896,1221.7583470990403
2506.0812,110.08638901367694,1256.7995288171467
2506.08815,1754.4662201150215,1300.7329682905195
2506.09509,5167.745532885659,1194.265763883758
2506.10204,2400.5571838180686,1220.1484067250165
2506.10898,3632.182660353777,1257.5206086685098
2506.11593,1974.2495914579379,1213.355528184062
2506.12287,1891.9734378293597,1213.4967985667065
2506.12982,-2106.0201005312597,1152.0761122862307
2506.13676,3635.4720569698484,1169.5760840318871
2506.14371,887.7178703080424,1215.4378229901308
2506.15065,1774.157591232492,1159.819473043026
2506.1576,3907.951873156282,1129.8361009294076
2506.16454,1730.403361310414,1155.813120398271
2506.17149,-90.62253508460199,1265.767547086208
2506.17843,226.85077865081166,1157.673435720685
2506.18538,2818.994401682879,1161.2895569164668
2506.19232,2411.0362885403542,1165.871123913241
2506.19927,1994.6136169661659,1158.4964329039808
2506.20621,729.3423424835428,1158.3592863440156
2506.21316,2928.2423586340888,1164.6563635754053
2506.2201,1958.095281964311,1243.9813918711254
2506.22705,1005.2945351895067,1160.7582907318597
2506.23399,1601.5064497035785,1171.3375454335014
2506.24094,2355.1978442856766,1171.9062794927383
2506.24788,721.553148383254,1169.0057004435785
2506.25483,493.3686076544307,1167.228097221762
2506.26177,-3249.685264080659,1152.4256946259359
2506.26872,-1051.821152187169,1167.3637120761607
2506.27566,-1200.597363402149,1166.3033005300383
2506.28261,-3257.612900799469,1156.941398283345
2506.28956,706.4180122089554,1178.831591653453
2506.2965,2753.245586765153,1162.5171600163612
2506.30344,-614.6170064260962,1189.4610391682777
2506.31039,-723.5319941518233,1199.0409148994518
2506.31734,3357.9891012853036,1167.4428894716045
2506.32428,2031.7888180090906,1177.5112614550255
2506.33123,3402.9117869077036,1173.3473787839187
2506.33817,324.29458774110316,1184.4229060891455
2506.34512,1082.81780644486,1177.352788840633
2506.35206,-1468.637589915484,1174.2488464216276
2506.35901,1287.915656109034,1171.441819235537
2506.36595,181.99784454344572,1169.4329284731607
2506.3729,-1124.3844073472878,1159.7084833011986
2506.37984,1737.4854965564493,1167.2834742691707
2506.38679,4051.840294084669,1172.3119458208828
2506.39373,2318.8465830140885,1162.7988760171145
2506.40068,1102.8508657271923,1160.0917631633693
2506.40762,4466.879128591168,1166.7071995056058
2506.41457,2775.6182673887465,1144.6595939326514
2506.42151,3554.5233029500046,1148.3462914080033
2506.42846,2244.4373869991814,1151.1444818312098
2506.4354,2105.638705845171,1154.7789834937914
2506.44235,1728.1099267831617,1142.824257193324
2506.44929,1804.1046737065321,1154.0688612284048
2506.45624,-307.90686988382384,1150.7493017950214
2506.46318,2465.723243679448,1152.218914374442
2506.47013,-684.7461457938435,1144.4595296209495
2506.47707,104.7531080542074,1132.4302210417382
2506.48402,870.0866431776772,1152.3841029286268
2506.49096,962.1879810750992,1147.6734013702362
2506.49791,-188.39672128326308,1155.8401019809444
2506.50485,-3371.1886329174145,1144.4063912201384
2506.5118,509.0630520075562,1155.6227176139894
2506.51874,98.46121505704325,1152.708471038235
2506.52569,2375.25988815027,1172.1361531512366
2506.53263,-706.130405032946,1151.7542184702302
2506.53958,1387.4236151856053,1153.4065753060988
2506.54652,627.6588902083492,1129.9990508369951
2506.55347,3016.3088305985157,1200.7957781847792
2506.56041,1526.5963859683861,1133.2966950984253
2506.56736,-1709.6314308274445,1137.173206240533
2506.5743,-3582.258249115328,1132.3033251267188
2506.58125,2432.079684379131,1118.6374480613254
2506.58819,4240.507538135698,1130.0579625895575
2506.59514,2988.1794113380342,1127.4423985992942
2506.60208,1122.949317054869,1135.7646262367673
2506.60903,1402.8276245985983,1159.8303128054977
2506.61597,1704.8975180385444,1144.4449195063141
2506.62292,2765.693993552093,1144.347479467576
2506.62987,1769.3564012221655,1142.9015494126857
2506.63681,2920.6405039069477,1168.7058396230361
2506.64376,3576.7475259571415,1152.6633446357723
2506.6507,612.5196302113715,1151.1707564728526
2506.65765,1823.8394038738888,1159.5931340896816
2506.66459,-1143.891031208723,1180.293192234525
2506.67154,-328.58501285671394,1137.4424329497429
2506.67848,-1029.276802716609,1145.2123039951914
2506.68543,1762.7442639380724,1148.1432815086735
2506.69237,839.4489971401013,1139.1163514870495
2506.69932,1214.2505155289891,1144.1179592795932
2506.70626,1131.7859621157165,1154.1125737488062
2506.71321,-901.4481968307391,1156.6356462875465
2506.72015,-2059.2869389291136,1134.4510119781319
2506.7271,3367.0580942982574,1131.7426030658305
2506.73404,-940.4176142097032,1147.862154625446
2506.74099,1024.4807969405078,1139.071460731597
2506.74793,566.9833197742821,1131.7311741858332
2506.75488,-1631.0966447805959,1149.9597664871808
2506.76182,1763.064036930981,1142.1749318565817
2506.76877,1430.4664267837404,1141.2602679862987
2506.77571,-346.98598094605893,1140.944972286585
2506.78266,2367.691259651574,1136.3809609920745
2506.7896,-2332.7952364917815,1143.2576120451727
2506.79655,-1549.7467017258025,1148.9279860528038
2506.80349,580.9674381270174,1142.2678946021251
2506.81044,818.6662268946603,1139.9118957936516
2506.81738,576.918315549902,1164.4995404900844
2506.82433,1193.7921133931566,1150.6116839410358
2506.83127,3018.0052534253014,1149.0571206144207
2506.83822,224.43233338462207,1172.552187947832
2506.84516,1173.1109070091334,1141.0956685496394
2506.85211,1838.5870185398323,1152.6581604015469
2506.85905,-534.2896535722801,1151.7159258310644
2506.866,1332.5077289760538,1166.922816519984
2506.87294,-1469.7216839861367,1175.5178055718206
2506.87989,943.9599778912772,1188.70720438249
2506.88683,2854.0309882842857,1178.9335089853857
2506.89378,7113.914484014237,1150.1360304508476
2506.90072,674.3155843556692,1147.1884398231427
2506.90767,2237.808872247876,1157.5569082741165
2506.91461,490.72064220025817,1196.713782849734
2506.92156,-1126.569208602815,1174.6966935646067
2506.9285,1238.3434193274036,1154.4389448580014
2506.93545,-69.26513960466801,1151.2287256373738
2506.9424,1529.9829869761854,1134.9199495285282
2506.94934,247.5556675593651,1137.3553613794559
2506.95629,720.4077860899366,1166.4415075015497
2506.96323,-22.173794546943046,1168.7541472601372
2506.97018,2256.558126618369,1151.1330529512127
2506.97712,-1010.9233174998292,1157.114127541858
2506.98407,927.374670015904,1149.7475663544512
2506.99101,-1124.4711254470594,1158.0814585189316
2506.99796,1754.4891956985207,1155.30683279675
2507.0049,879.0049399275758,1144.357730112522
2507.01185,-1649.9373301910664,1162.2281389582904
2507.01879,-855.4798276003577,1143.2206154645633
2507.02574,-2752.715145345081,1127.4850507081494
2507.03268,-163.80954788085083,1117.23393446828
2507.03963,2227.2138291965475,1135.1557143622829
2507.04657,-1415.4269632956032,1128.4013641075042
2507.05352,1414.173321201076,1126.5177197310754
2507.06046,2879.3979176436137,1134.999009100467
2507.06741,618.914972246035,1165.4698170547863
2507.07435,-109.03669940652097,1147.3305349703232
2507.0813,1707.4547593937712,1154.6484350501132
2507.08824,2534.9956883414343,1151.4022796604227
2507.09519,3590.1379316675534,1157.2023773471963
2507.10213,-1433.4666845182358,1154.8195147795543
2507.10908,-2296.3612631195956,1154.6666976934075
2507.11602,2381.7057764686315,1152.9185503478723
2507.12297,487.5584949697214,1160.9819197445863
2507.12991,1486.2787142202803,1152.5179504304483
2507.13686,-578.1277738300071,1162.306255942188
2507.1438,3111.0061737843503,1164.5585700661518
2507.15075,746.6804247331578,1157.0245816779632
2507.15769,1574.4220071100483,1154.2067147294008
2507.16464,1036.5354375733211,1156.2156054917768
2507.17158,2128.6929954459106,1157.1894167616326
2507.17853,2368.3167846402816,1153.5794223881169
2507.18547,2027.4783628976086,1161.2535029238988
2507.19242,897.5471783995655,1161.5950732652555
2507.19936,713.3638256595616,1160.3601651080435
2507.20631,1170.3772838667353,1163.2734690957566
2507.21325,2335.726567475779,1163.1158212459
2507.2202,561.2791304206801,1153.2371451057295
2507.22714,1627.8868968539887,1166.6075208202703
2507.23409,490.2838704667609,1163.3235440854346
2507.24103,-54.340436210522206,1159.259222276158
2507.24798,1790.9188096010168,1155.5885487975033
2507.25493,-1737.682615280523,1178.72507920482
2507.26187,2169.266462023643,1149.0910537838963
2507.26882,3452.8650649049077,1158.4424697386337
2507.27576,1286.6271382569903,1153.9722459542027
2507.28271,585.4272934429977,1155.491933523301
2507.28965,362.52101009675073,1158.5011458441859
2507.2966,2018.7314993476664,1143.8132676953408
2507.30354,4365.622786522052,1156.82333913121
2507.31049,1465.9826728745095,1169.4846529919105
2507.31743,-1005.7422645089806,1173.7766098130878
2507.32438,-406.8995867724846,1170.8534086509442
2507.33132,4553.190972917278,1156.4247422133733
2507.33827,2554.0776762903997,1154.9736279242575
2507.34521,3216.047949426113,1148.1283179235224
2507.35216,-464.1532091472151,1189.5122923930069
2507.3591,1752.9129528469625,1160.708569212697
2507.36605,-999.7364469822594,1160.6141925850923
2507.37299,859.5095092991276,1178.9812275049612
2507.37994,666.0538001763252,1161.7708659349014
2507.38688,305.09736840412535,1152.8543365375795
2507.39383,412.44648174674523,1144.8372717783793
2507.40077,1665.232470685324,1164.4137649783536
2507.40772,3057.9022952601117,1157.9279344917543
2507.41466,3217.1811758984027,1154.3576466394654
2507.42161,3569.4811147490905,1158.413485156373
2507.42855,-933.747861231604,1148.8611801253983
2507.4355,3287.1057736612534,1144.2093903195698
2507.44244,4095.136190571812,1151.7629374096093
2507.44939,-183.63076050096896,1145.5526961014966
2507.45633,1778.5658398532273,1185.1993629879173
2507.46328,3588.6513525033943,1196.17155907915
2507.47022,1647.7859908109945,1161.5125968116681
2507.47717,3175.4401962083903,1166.7638726115708
2507.48411,-2574.489538141708,1128.8468547803807
2507.49106,-1334.2195866820107,1151.0744946691657
2507.498,-269.5823005484074,1133.4488052435413
2507.50495,2282.6626311197774,1157.5001173446465
2507.51189,1793.9511153289056,1131.0053813942652
2507.51884,1119.2799396347705,1195.3076771395756
2507.52578,3928.844572732004,1163.6001936754674
2507.53273,-1123.0044584552672,1188.4931190736784
2507.53967,126.44253017158276,1217.582682077421
2507.54662,1264.2643548078272,1179.4427421745347
2507.55356,3051.805282340424,1181.782481339301
2507.56051,-1307.9913675002215,1187.8719535546609
2507.56746,-1080.0209120802099,1184.9998877937412
2507.5744,-2136.006064761991,1211.3678456526081
2507.58135,1705.6884672284466,1195.3421994265773
2507.58829,736.6164122194265,1173.3436084317545
2507.59523,282.85441145967417,1143.403595368022
2507.60218,933.0432766709583,1192.548957590586
2507.60913,2151.2545471482194,1201.300062786713
2507.61607,1606.8334860172768,1196.4505651392853
2507.62302,1937.844484844508,1204.3188188115128
2507.62996,1625.9806303645762,1203.3228567226936
2507.63691,1102.560784257575,1155.0453824388783
2507.64385,211.02166203132862,1196.995381026982
2507.6508,-331.1937430836799,1185.989840883799
2507.65774,3180.5287577477156,1203.7322934030021
2507.66469,-576.0232103814697,1187.3087572001648
2507.67163,1174.0001210023097,1199.3676394791626
2507.67858,1493.2832037764383,1174.5041699572328
2507.68552,1256.2720329847034,1175.4790416386347
2507.69247,1036.6762366619453,1151.3068426212717
2507.69941,983.0598258904143,1172.779705136228
2507.70636,886.330498535199,1174.6333045188496
2507.7133,-1725.1889642676151,1143.3775563733893
2507.72025,1272.0268029724527,1214.157670606951
2507.72719,-60.357329146725284,1172.237481365644
2507.73414,152.09836276547605,1190.3240963433163
2507.74108,4406.489987098059,1171.9627169516932
2507.74803,4733.44644346694,1216.5190892966602
2507.75497,-1354.8653281909912,1238.3057158057634
2507.76192,199.5630905109412,1225.5860793100264
2507.76886,1608.113520576951,1203.2318969767375
2507.77581,2879.4668443941114,1201.2224170968357
2507.78275,449.2499496310019,1239.9107075925722
2507.7897,1763.4230451510957,1185.991608236376
2507.79664,4049.4663861034164,1252.0745706146358
2507.80359,1365.3135631549346,1206.8654560512782
2507.81053,-385.24845729427466,1202.0147801687992
2507.81748,1454.9792535544186,1213.9600805888567
2507.82442,3263.054108089633,1253.4052692815144
2507.83137,1820.3149493650933,1228.8795997487773
2507.83831,1369.5129107010841,1205.5334613258433
2507.84526,1938.6407360921407,1224.846029874338
2507.8522,716.8191177708487,1222.059621801644
2507.85915,2494.4758314585342,1227.8091732047194
2507.86609,3646.231581634331,1208.0282562233538
2507.87304,623.472031953743,1206.8975040446721
2507.87998,279.9887081680312,1210.1656924298209
2507.88693,-132.4918245716951,1213.6569207101709
2507.89387,469.3367364316711,1221.6285055963926
2507.90082,-442.7290077398753,1206.6216792191751
2507.90776,-839.4204838518609,1194.278960116332
2507.91471,-9.17821540220388,1207.8158204436138
2507.92165,-1669.6861991790379,1190.6254888694252
2507.9286,1604.3257305342024,1206.5244748274472
2507.93555,3475.464437952361,1201.243507504253
2507.94249,-908.8714311241107,1188.2894022333178
2507.94944,-1865.4217931260032,1203.8292621477196
2507.95638,395.35653579892283,1195.9539390651846
2508.01194,3972.569346777801,1246.3151220371303
2508.01889,652.5812714828414,1204.7374457252208
2508.02583,-104.53407415818054,1214.3748193268957
2508.03278,-903.3492790859264,1222.2963292234397
2508.03972,4278.565826349533,1218.0622237432783
2508.04667,-86.59803762005761,1234.988748489493
2508.05361,1880.2073469605969,1201.7601635742249
2508.06056,1067.634009162945,1209.0136141967116
2508.0675,1076.6833256505424,1243.1705305088572
2508.07445,2756.5295634999884,1192.364917275581
2508.08139,1028.9744676024588,1237.4790660938083
2508.08834,158.93978459054182,1209.7815878031145
2508.09528,-1046.5198013975883,1197.5965165501282
2508.10223,947.1585325848976,1238.1672731872418
2508.10917,-723.4727289287455,1212.7649967763768
2508.11612,440.2356267244264,1215.6423645950272
2508.12306,951.3728437161978,1224.7371609556028
2508.13001,3430.289256558479,1209.2839013174678
2508.13695,1121.1561611303762,1180.810201775012
2508.1439,663.9759826634511,1201.1353455265485
2508.15084,3673.0020245867036,1207.792373566094
2508.15779,745.1639183986978,1223.7386067496711
2508.16473,2931.588192709115,1230.0662002688882
2508.17168,36.836694112701814,1220.1617207810955
2508.17862,2001.0289889967005,1233.054793476376
2508.18557,-144.53727497110867,1217.7616559817052
2508.19251,2774.933830647477,1209.2760071426242
2508.19946,-3013.474232712225,1204.3799692106725
2508.2064,135.41867826249782,1216.2332494732277
2508.21335,-536.804596289167,1228.9292034444345
2508.22029,-1024.0066751558861,1225.3763534709044
2508.22724,1517.7721123755769,1219.5391413800166
2508.23418,301.5030445567912,1216.684042203835
2508.24113,2635.4286797567393,1227.9641111139583
2508.24807,3007.6710716143184,1208.972375969918
2508.25502,-1675.6817660608133,1209.2507929125277
2508.26196,2656.3516599732784,1204.5285446506348
2508.26891,-3181.433288796558,1204.483418248172
2508.27586,41.98051487593084,1196.0169746404263
2508.2828,606.5908692570015,1200.9641479736024
2508.28975,575.3777732203965,1201.4231883495681
2508.29669,-2710.0115476182,1209.0301094874292
2508.30364,3526.878609589606,1202.0441182215752
2508.31058,2835.502535162396,1207.2427269146874
2508.31753,613.5886428733678,1188.0358460502894
2508.32447,-1410.165201203744,1196.277246763247
2508.33142,610.4565406366378,1198.0311674605332
2508.33836,1569.9946710814822,1212.407638085334
2508.34531,324.4062844239613,1210.1110223234432
2508.35225,336.8105073964796,1202.3200608705774
2508.3592,-978.5055939468293,1217.053890186421
2508.36614,-1991.2052186099183,1187.498688690426
2508.37309,1073.2340425380169,1196.292563818913
2508.38003,4585.514084195663,1196.9483694484372
2508.38698,2144.255595296802,1184.7411473764873
2508.39392,531.4050985198173,1203.5904339028318
2508.40087,-585.3741550421864,1192.0751892764795
2508.40781,-692.9549093958815,1215.6471953587375
2508.41476,196.19286697035432,1201.494825040684
2508.4217,609.9887813212927,1194.1500612017255
2508.42865,1361.0920647898215,1188.5094965408907
2508.43559,2177.628749652858,1198.2413645936756
2508.44254,-1728.4645755335869,1190.59685775768
2508.44948,-2363.801316629882,1199.5354201504601
2508.45643,2338.879642296421,1195.1327092344654
2508.46337,-1364.2037835601648,1193.1750716968186
2508.47032,-734.4369130216298,1181.8952384337053
2508.47726,1123.3910373755812,1176.626289108034
2508.48421,3310.1590028504475,1174.2768884158472
2508.49115,-1055.6538329853704,1199.5044325686124
2508.4981,-182.6568314076082,1191.4560267570491
2508.50504,2782.7774592071332,1205.5415911476969
2508.51199,886.1094616395851,1196.2951559360258
2508.51893,97.807176780096,1201.439212346265
2508.52588,-765.8842421864225,1183.5388763301949
2508.53282,-389.1083553221599,1193.258726385457
2508.53977,569.609959174027,1204.251070296066
2508.54671,768.6968070772543,1203.5761772587118
2508.55366,-1595.5629608110683,1196.1035749166929
2508.5606,1536.2982090273645,1190.4650132554455
2508.56755,-3462.6906026442666,1195.9158820730295
2508.57449,228.96653533233592,1208.682294500301
2508.58144,1487.2680781928123,1212.3106693406162
2508.58838,-462.8986244646472,1212.883055928512
2508.59533,-232.54094700730394,1210.188550189815
2508.60227,-1625.0359215004864,1198.4707669581535
2508.60922,3680.4386907596595,1194.6439773352083
2508.61616,-2060.168494394457,1183.8088099804356
2508.62311,-618.0892651221211,1163.1309026545557
2508.63005,-1756.9596011304702,1169.455079292124
2508.637,2678.3470697334624,1171.1218105956182
2508.64394,-1866.6337256997158,1190.4667806080222
2508.65089,-124.54074097536494,1204.7976535363396
2508.65784,740.1898813063534,1241.1806093308062
2508.66478,985.6639610006805,1226.9022856857744
2508.67173,1530.9941482971658,1173.8271560967864
2508.67867,-2886.561822402205,1205.641741127053
2508.68562,1364.5671512499696,1207.9761782340886
2508.69256,-721.9244102479017,1200.3302575160315
2508.69951,344.23468427789203,1219.1737706906247
2508.70645,1508.3535370229188,1226.8212231142486
2508.7134,-3126.833169580741,1224.6751857919073
2508.72034,-64.20839041172611,1226.8983975101053
2508.72729,-383.62673456973835,1233.7085961063128
2508.73423,128.72630317141483,1237.7204864558091
2508.74118,-893.2483878150907,1233.9140802992506
2508.74812,717.9463352443765,1208.3929199717147
2508.75507,3379.136535279106,1210.6217872181585
2508.76201,895.1413402484242,1246.3038109806384
2508.76896,-214.04678052540532,1235.489734033283
2508.7759,1065.449443554428,1222.694337023751
2508.78285,-1546.7220545257464,1207.687274999523
2508.78979,3391.3899441650647,1229.0179245437935
2508.79674,-2360.962123626892,1224.4119680814588
2508.80368,-481.48964186775834,1208.496251185709
2508.81063,1315.668629270642,1200.6646406235755
2508.81757,697.7618727579589,1242.0272890386323
2508.82452,3746.3505734084783,1221.331001245953
2508.83146,-1670.0558115146139,1262.568992392588
2508.83841,126.15751511268613,1266.6458034934076
2508.84535,348.28910891273813,1214.8196030587417
2508.8523,-396.35355829928795,1234.0659547973562
2508.85924,284.69516808023735,1217.8951500130115
2508.86619,2000.4219622982982,1224.5004535338073
2508.87313,3230.2948141952766,1187.1165870633065
2508.88008,517.1267748747855,1231.9478416457296
2508.88702,223.35365919520544,1239.6221578285217
2508.89397,-2321.1131537821725,1238.261767638352
2508.90091,2227.738615088373,1245.523937200218
2508.90786,3266.778037792604,1243.9504042892777
2508.9148,-4794.587652393259,1241.9290242353582
2508.92175,829.8867949346958,1230.2323314111138
2508.92869,-2726.3362299002374,1241.80307090838
2508.93564,-1855.623354792823,1231.9016548317204
2508.94258,688.1531302680295,1214.280560522796
2508.94953,904.8216016059645,1247.8507157794206
2508.95647,662.4525247421888,1211.9040604244308
2508.96342,3688.332629956004,1247.79828431964
2508.97036,1668.1474242021095,1233.5303291430591
2508.97731,-726.3522175704882,1236.0854496751938
2508.98425,-1441.0175216676569,1226.4249826665143
2508.9912,2199.080521760397,1213.758248924578
2508.99815,2500.0806955973158,1209.1540598148204
2509.00509,-1879.0887306029429,1243.4197272221961
2509.01204,2830.4467285574947,1226.937750560817
2509.01898,2425.328633182496,1247.3460777069715
2509.02592,-1383.596707739155,1236.0396163317002
2509.03287,-3241.845759343681,1264.5884872704253
2509.03981,-3778.5155655429858,1257.1388605119057
2509.04676,-1191.6176806060803,1246.8249443438049
2509.05371,667.4700387079241,1262.0748406120947
2509.06065,-220.9366278110773,1242.3680346154529
2509.0676,-1316.1411015261922,1263.6468418174686
2509.07454,-1826.8160969073592,1249.9774300469214
2509.08149,2458.142715006735,1265.509513609985
2509.08843,4043.6633428290147,1254.8933801512392
2509.09538,-1628.7464193238736,1259.049368647503
2509.10232,2454.654196667003,1248.2464849331343
2509.10927,-1247.9267119402261,1228.5621832259712
2509.11621,1988.807981574651,1267.698556511697
2509.12316,-580.4015318319035,1242.2027282377628
2509.1301,29.9737105861983,1256.210411291523
2509.13705,3490.513798614929,1254.9985965413157
2509.14399,1587.3176719224416,1265.9513517542027
2509.15094,3611.107923462637,1268.9923764214711
2509.15788,-504.06592150820734,1268.2649341008314
2509.16483,-565.565903007632,1256.3221079743814
2509.17177,-177.38328696523678,1266.026287503462
2509.17872,-698.9005191114841,1235.7259701610583
2509.18566,885.2645492843359,1258.6725690781143
2509.19261,3019.585620099538,1226.471169480523
2509.19955,-3231.483064244459,1242.9280497353107
2509.2065,-1972.448541358602,1224.515417118958
2509.21344,-607.3203145772286,1210.1896106013612
2509.22039,-229.58039579403564,1203.6734994739447
2509.22733,-238.69828556161568,1219.2647304365812
2509.23428,-1593.4744213592278,1196.614811105429
2509.24122,-2245.265568416703,1253.336106884006
2509.24817,-626.2731679645776,1212.7217555499963
2509.25511,-2646.5990549835915,1252.6374134986168
2509.26206,-4232.837110128576,1238.27873422309
2509.269,-23.79103997828466,1229.4701311564622
2509.27595,3128.466085538264,1244.0920281424376
2509.28289,-2467.0028069451027,1235.6996955194154
2509.28984,-88.36268025631028,1253.5187333169492
2509.29678,2223.532669425936,1256.5840296262738
2509.30373,323.02280082678703,1262.3748192561425
2509.31067,631.4876828308815,1267.3047903575703
2509.31762,2508.8117707975716,1253.9068439428302
2509.32456,-2756.797965444662,1256.5815553326659
2509.33151,-52.4659820674933,1248.63447773551
2509.33845,-2862.979801322012,1270.614452616523
2509.3454,-143.18501460279245,1262.374230138617
2509.35234,2012.389767007834,1252.6077219753254
2509.35929,-2713.603986289452,1256.8496038068247
2509.36623,-1757.3832944548988,1273.6961263930596
2509.37318,-1452.7139788448912,1258.4236080117855
2509.38012,2002.4639614656141,1238.112720904369
2509.38707,-463.1836395235439,1236.3499634441985
2509.39401,2403.225768385638,1250.0934861994692
2509.40096,986.3772645007055,1254.8547340415582
2509.40791,3785.584151085932,1231.1124729943954
2509.41485,3350.5829514001757,1240.7056627816485
2509.4218,-3411.137634917985,1245.8570242492053
2509.42874,-2142.0140031118044,1229.7351162194875
2509.43568,-805.5293773672768,1238.686874844842
2509.44263,-1547.5015748356516,1230.4054141401418
2509.44958,192.74429079885948,1217.0758053583745
2509.45652,-1121.6250986807725,1237.2124315017113
2509.46347,-3991.94247660793,1237.7971895576452
2509.47041,-1009.3185613600307,1229.015450250186
2509.47736,-189.30949997746416,1228.6810671426422
2509.4843,2267.0630346882776,1243.327235770673
2509.49125,-372.3285208398257,1231.8793861892518
2509.49819,1382.7484963257618,1233.8148729079355
2509.50514,3604.8904949207113,1232.2334458221517
2509.51208,2681.451719093498,1235.432000515772
2509.51903,-334.63383596280585,1248.9543685519238
2509.52597,5055.763834968545,1223.5762459596092
2509.53292,-70.6287110294762,1219.4097711713894
2509.53986,-385.5337080001816,1226.9862938449285
2509.54681,2808.025622473295,1222.1646025447103
2509.55375,1310.9223450137038,1225.158733456939
2509.5607,63.658272466298904,1211.769034687558
2509.56764,-2670.702916367982,1214.688818968053
2509.57459,-243.51137574595967,1234.7902158833579
2509.58153,297.3138298320826,1215.0351022496145
2509.58848,854.6458728310851,1214.5298750596398
2509.59542,2638.6833184387983,1223.864442253144
2509.60237,-836.9045985469332,1213.6075526615236
2509.60931,4900.952468174068,1237.2324614975826
2509.61626,-968.4043492054785,1226.8383075224917
2509.6232,1242.1107080802608,1229.7874298557629
2509.63015,-980.3862927356298,1213.3744977683868
2509.63709,-898.0719642913908,1231.241607556012
2509.64404,1713.7343987464021,1241.5028566173223
2509.65098,1978.2835148028923,1227.348954593702
2509.65793,1057.4308470896613,1223.5881461336269
2509.66487,-4462.097379459187,1239.650788940267
2509.67182,46.19541512475673,1235.0197360713407
2509.67876,2280.4930290964116,1219.1215748778545
2509.68571,1646.0790816922529,1216.5784723432432
2509.69265,1157.548778452263,1223.7336581624559
2509.6996,1277.1111228655939,1226.0367542171284
2509.70654,-3128.023658276521,1217.0550684214725
2509.71349,-1587.0114486326227,1226.5633074615305
2509.72043,-1067.1825094913072,1231.0774794133733
2509.72738,-2256.059851015197,1222.3651381504326
2509.73432,877.6513835007033,1222.506644180087
2509.74127,3996.2616506587915,1226.147861782461
2509.74821,-236.21444825008194,1220.7028841401332
2509.75516,4204.520587141956,1223.3208046004988
2509.7621,-176.01005401300853,1227.790910561425
2509.76905,2174.689171023502,1221.4125351114992
2509.77599,315.791854493779,1231.302993602182
2509.78294,-2214.200340879029,1222.1009778519428
2509.78988,-1685.3722780632995,1216.4428574888445
2509.79683,2291.441307016104,1222.6923340241638
2509.80377,-1169.5811504426074,1216.257167644768
2509.81072,3143.3801848169487,1225.6500574733093
2509.81766,-1432.1454117317671,1238.5393598164258
2509.82461,3971.6598671417437,1220.6595250902474
2509.83156,266.00423634478034,1208.8493682305677
2509.8385,428.3538331736311,1213.7296178128329
2509.84544,-2666.7515873001203,1204.9951257309285
2509.85239,1043.6077934684313,1204.9098215132183
2509.85933,1644.095051689458,1195.552514383225
2509.86628,1936.7427172480868,1195.6923708838078
2509.87323,3304.102639040027,1204.4103676749946
2509.88017,17.604716841712268,1204.766901601502
2509.88712,-1153.7809005818801,1212.216999654042
2509.89406,1089.399780911641,1208.7135177291589
2509.90101,1375.906838853686,1204.4763488378646
2509.90795,-4513.511786743443,1223.894369423446
2509.9149,-650.351226001346,1216.284502697957
2509.92184,-2225.0219585307127,1201.8975457812
2509.92879,2920.203614349946,1215.56931402185
2509.93573,-422.9385470545947,1211.9390540054526
2509.94268,3852.4247186021435,1212.325515102262
2509.94962,-28.930383448319002,1218.3703322091797
2509.95657,2693.5415889543438,1205.054273130501
2509.96351,-1431.9663200039777,1216.5481917024258
2509.97046,2027.6891491482768,1213.773212509729
2509.9774,-3490.6805188746803,1215.6073710140054
2509.98435,524.4862666518845,1198.4686461350611
2509.99129,422.19932238344234,1193.6104295482544
2509.99824,-1544.3152737865641,1201.2812110258928
2510.00518,19.100604062775464,1214.888058515219
2510.01213,-3304.8390359470573,1191.6075477846396
2510.01907,-1350.5713683702268,1210.4364508445976
2510.02602,-219.04803484743348,1210.8738116956204
2510.03296,-3048.5912927676322,1202.9366312728948
2510.03991,-2264.981093352724,1200.2245698319346
2510.04685,2153.4022339996322,1199.1665147559147
2510.0538,-19.495784098963732,1199.5755979657076
2510.06074,-695.9825021835658,1186.8474781776017
2510.06769,-3888.5750907974943,1193.093184360757
2510.07463,4372.14537794225,1196.3883543285795
2510.08158,-3522.1802794992536,1195.3747187139918
2510.08852,5648.834692659498,1200.6679396817187
2510.09547,-1112.2446981437743,1188.6416945136407
2510.10241,563.5657311846351,1174.4236965032328
2510.10936,1066.0068665571728,1187.3029838484138
2510.1163,739.990170465167,1192.743719844557
2510.12325,-838.0445409590146,1197.4604304017091
2510.13019,-1643.4153278883934,1200.001765583744
2510.13714,85.52596154692796,1200.3750304479788
2510.14408,862.4628732785833,1202.679540384713
2510.15103,253.22427421441955,1203.6656052991016
2510.15797,2586.057449874851,1184.3253482269024
2510.16492,4259.924851780249,1201.780075746591
2510.17186,717.0167077889428,1206.0786306840553
2510.17881,-1884.5975685850483,1201.619482309106
2510.18575,1735.1657873875542,1212.7936278881223
2510.1927,-2491.2758628828524,1206.0666126865326
2510.19964,-267.84334343627194,1211.571680316474
2510.20659,-498.409686321191,1224.9042346858698
2510.21353,-573.7174043861793,1219.7039764636859
2510.22048,939.6671963055638,1207.5563730853294
2510.22742,-1782.7992383923583,1209.859704787012
2510.23437,268.9203680966168,1215.7520582782984
2510.24131,-314.268632219527,1208.0042202283084
2510.24826,-2814.931140285149,1213.9484160618495
2510.2552,-3506.717829627719,1209.3310307195177
2510.26215,3207.3275961648233,1208.5872109316654
2510.26909,-3650.6624523680503,1204.9251385688844
2510.27604,644.5847080135329,1199.0486912507902
2510.28298,918.3823801047866,1215.6951495253231
2510.28993,1186.3259913439197,1210.583376755488
2510.29687,891.0685351467785,1197.5132153320048
2510.30382,-982.7142495498836,1203.7557402805219
2510.31076,61.25585119680627,1197.4419321114044
2510.31771,796.0209026802082,1212.0613548037722
2510.32466,528.1549371309525,1200.96662226721
2510.3316,1744.341881966666,1204.324709986769
2510.33855,-481.39326224056634,1200.7763373064336
2510.34549,-938.6020718192366,1203.393079531748
2510.35244,-246.3523361015265,1197.5610516750855
2510.35938,-1509.108078749737,1200.5775690532882
2510.36633,-1590.8238637879426,1187.9389951290768
2510.37327,41.67181729250412,1217.0521228338441
2510.38022,642.7144955166885,1183.3465883698314
2510.38716,-881.2128345901077,1179.869027616076
2510.39411,-1677.159154991572,1179.3997365951643
2510.40105,-3462.3145100159086,1194.4466229641243
2510.408,844.0979591818063,1199.232967212805
2510.41494,1125.3072010394244,1178.4748220799354
2510.42189,2714.3050361449446,1189.1252421786724
2510.42883,-394.19833074354693,1186.946921215927
2510.43578,-3143.113903695367,1194.3399926919865
2510.44272,-4412.24978914608,1186.7463856102047
2510.44967,-429.9098103823079,1199.208342100234
2510.45661,57.37227064439099,1184.486530781913
2510.46356,-4007.1843608778718,1198.5464096484434
2510.4705,-963.7738854540777,1187.6003703753486
2510.47745,1000.6585337333653,1197.6267971909451
2510.48439,3076.3426164001685,1186.1166189753133
2510.49134,539.7713921482069,1185.057385664242
2510.49828,-2574.3649986967907,1182.6164361085737
2510.50523,-5537.058478935322,1185.9960855295706
2510.51217,-140.26888285095612,1185.3420472526234
2510.51912,-1584.3462809467019,1175.6931269474462
2510.52606,-0.7138926175505677,1181.4643578754644
2510.53301,1125.6078866245027,1199.1398866437564
2510.53995,1426.8386410609507,1185.1391551767986
2510.5469,-1506.3336886745658,1199.5395439731394
2510.55384,-863.5104420626469,1180.150743616829
2510.56079,-1281.425466152745,1200.7563073105623
2510.56773,-2787.2214083499216,1152.547759777245
2510.57468,-643.7766744153878,1189.6021917274172
2510.58162,1448.5795520500656,1185.4535082884713
2510.58857,-3008.686592404988,1180.5099874839543
2510.59551,719.1662798164377,1186.024834464821
2510.60246,4690.193670382672,1165.428107533972
2510.6094,-1430.4088110897344,1173.8872460844
2510.61635,775.1614293329312,1173.878762792031
2510.62329,-1234.667679438028,1167.0142475599607
2510.63024,-107.3300259347897,1173.9184693132581
2510.63718,-5071.616044995033,1158.1893848496259
2510.64413,715.7062747649458,1162.9201164038877
2510.65107,-1852.028206180953,1155.9937438316272
2510.65802,-2562.429713274669,1157.2467968086282
2510.66496,-367.20626177803445,1153.1767016476006
2510.67191,-178.70809445685896,1159.5060625193944
2510.67885,-576.6374243136847,1156.5667195370486
2510.6858,3176.3745366040293,1154.1544010931254
2510.69274,1001.1743650388012,1158.465445322133
2510.69969,-2121.4011343607535,1168.0977525130877
2510.70663,-1910.3184397537702,1179.777596576099
2510.71358,1643.0063625021057,1168.3927825699197
2510.72052,-2502.110087649584,1172.163959498446
2510.72747,-1314.0234596685857,1159.9410669003148
2510.73441,-1214.98349555437,1185.7596137547853
2510.74136,-1622.9226391125699,1180.5828024101213
2510.7483,1446.628512628706,1168.2610558911904
2510.75525,456.4918535499865,1163.657338075453
2510.76219,-2744.2998371385597,1175.5817837351035
2510.76914,1120.5187359676513,1169.0163045590398
2510.77609,888.3681382328257,1163.115939069405
2510.78303,-1332.3417156573332,1181.6363801929465
2510.78998,-3875.325719822717,1164.4323810921633
2510.79692,-1121.253483345609,1167.4015334213057
2510.80386,-2595.688814477765,1207.51914085771
2510.81081,37.757602628756445,1183.9466634814316
2510.81775,3834.528270761743,1206.9978896710384
2510.8247,-3571.2012201004063,1190.8204867704067
2510.83165,1860.3890799281066,1187.0610921923928
2510.83859,-2602.207989016314,1168.598738056878
2510.84554,318.59758562131356,1174.2422483053408
2510.85248,-3039.3162264442153,1158.9522920453082
2510.85943,-1409.5645369746185,1164.6356266385035
2510.86637,-1744.7684030552175,1173.8243283326633
2510.87332,-2558.8449331312504,1164.182713084804
2510.88026,1822.5414601414348,1157.7979751656017
2510.88721,757.9037027138113,1178.9172493416786
2510.89415,-3702.2431086180363,1166.4430392071163
2510.9011,-4354.403161070057,1182.0382761689268
2510.90804,460.06167010825465,1179.3498972524965
2510.91499,842.2932565538115,1174.1373853857797
2510.92193,1784.4802263399724,1180.269981004015
2510.92888,508.08511691502116,1171.0320290847133
2510.93582,-5217.767384162845,1183.6827388299523
2510.94277,-2410.507143178839,1160.1063732780046
2510.94971,2165.2339525607495,1153.7378950025095
2510.95666,-43.83057955339889,1153.727055240038
2510.9636,376.97206300029524,1132.7788607934021
2510.97055,-1470.8890792749125,1148.22988178494
2510.97749,420.499247027998,1156.0969572221163
2510.98444,-2570.1671828562085,1161.8690129146703
2510.99138,851.5604287023846,1166.978664861413
2510.99833,-868.0440548928353,1150.9175537603396
2511.00527,-151.84021146574787,1119.7031616651782
2511.01222,-2624.703795202763,1142.8198977236343
2511.01916,4037.787366804941,1148.2981015944072
2511.02611,-2067.1448241328903,1127.3008925696395
2511.03305,1537.8752766434584,1141.562956570964
2511.04,506.3769117377232,1133.865311334157
2511.04694,-673.8171909289916,1161.912136317546
2511.05389,-860.9093703635141,1143.0496535586274
2511.06083,-316.6959142486009,1159.5705119766976
2511.06778,710.7775997220745,1119.9246698548127
2511.07472,1919.8848836053603,1150.8138690758299
2511.08167,-1467.339764006536,1139.581518685282
2511.08861,-2897.5678338394086,1130.5689631312832
2511.09556,712.3940203888802,1121.171124715527
2511.1025,638.9926866368096,1140.5826650083266
2511.10945,-3573.629562541026,1125.754694711888
2511.11639,-387.39637979269804,1130.2110153227143
2511.12334,-2052.4111126405514,1125.3656414979662
2511.13028,-2669.7988566131603,1119.3839777897954
2511.13723,-2971.0351487543494,1135.2636406929769
2511.14417,92.26876509820434,1111.546829522921
2511.15112,-2286.393158939036,1114.6150714198732
2511.15806,-1812.273023846312,1111.8431556383096
2511.16501,-3706.7272355760724,1141.3402701462783
2511.17195,-2493.830512120966,1159.3075299132593
2511.1789,818.6297016080716,1166.898073583908
2511.18584,457.04303190695987,1147.271741041266
2511.19279,-1626.4360182118833,1159.5534275684545
2511.19973,-4215.446007301654,1157.1975465834862
2511.20668,-2510.509136212398,1132.8659323636894
2511.21362,-4854.115739710917,1114.0014466051837
2511.22057,-2774.656709763424,1109.7330544850313
2511.22751,-3948.219587738215,1106.0839427078142
2511.23446,-1065.2487901252005,1112.8553773708359
2511.2414,-3328.8515841149756,1109.2338362938178
2511.24835,-4162.592621549311,1110.728663103335
2511.25529,-2804.565853068813,1126.714602808139
2511.26224,-3366.9278993250946,1154.6540905783593
2511.26918,-1204.5645986432028,1138.8706894788647
2511.27613,731.690564940678,1120.7489630966652
2511.28307,970.4058170870317,1130.1356082794346
2511.29002,-3211.614133104765,1124.7951400861525
2511.29696,-357.08098104163815,1133.8739124500312
2511.30391,477.1372415884519,1132.953475227997
2511.31085,-249.57869714235616,1138.1047188720488
2511.3178,-845.2375481233727,1126.83372237182
2511.32474,-3146.4973234685276,1131.8894111532159
2511.33169,1161.2328838105018,1126.948953759832
2511.33863,809.0182491775241,1132.300615186101
2511.34558,-2391.5980023118914,1136.224491377269
2511.35252,1747.7209422701374,1151.0696639054556
2511.35947,-133.56024811616592,1155.9316508444265
2511.36641,-13.973632060779224,1161.7323376487257
2511.37336,4802.834590810958,1167.3117519104007
2511.3803,-555.3400009978592,1168.8003340741461
2511.38725,2223.407069569473,1173.7754315780367
2511.3942,645.7419704808678,1184.849309354192
2511.40114,-492.8113024751908,1188.122446326556
2511.40809,-1555.6160796335894,1194.0281138739215
2511.41503,-1035.3412963488825,1198.3733269194154
2511.42198,-2941.3603564006526,1199.0924037711914
2511.42892,-353.55004624006114,1182.9376229835436
2511.43587,-1083.734355491225,1191.4768815174564
2511.44281,-407.752157655567,1178.4183846209808
2511.44975,1073.8448395885832,1157.3150166180953
2511.4567,-1820.1715581593567,1157.391248425911
2511.46365,-2502.6711631809876,1153.972717248223
2511.47059,-1699.3730095302574,1139.9827077202315
2511.47754,-936.3860473348511,1144.9704123391703
2511.48448,-2315.6945686049926,1141.9517741378756
2511.49143,228.84776923917016,1149.1857838820167
2511.49837,-2465.926253578778,1169.0414009656313
2511.50532,-3927.3128671653835,1168.1307430945226
2511.51226,-513.4784878621043,1163.5330342775464
2511.51921,-4531.289468490678,1179.218877514798
2511.52615,-872.9852192272498,1167.3531079606994
2511.5331,-891.6924106064139,1179.9280571921433
2511.54004,-1347.1693324832563,1186.5614027071588
2511.54699,1619.674480723292,1189.678659182243
2511.55393,978.3938972639711,1177.5157387482202
2511.56088,342.47687540493666,1187.4415442904403
2511.56782,-3468.3583845347853,1178.5584767685739
2511.57477,433.97095095694607,1172.3484711074714
2511.58171,-1319.3455473950683,1180.735619496268
2511.58866,2087.8216710472243,1173.2747995047619
2511.5956,-5111.565046995603,1186.7876238369984
2511.60255,-2535.4581455990487,1177.5641642088265
2511.60949,-4855.556367708076,1187.6532731291495
2511.61644,-1141.7287342426744,1185.4727135198066
2511.62338,224.06684487172524,1183.5808214980193
2511.63033,1023.0103595965516,1198.3811032707533
2511.63727,-576.9689796571057,1195.6098944302205
2511.64422,-438.00228218478776,1199.4153579987383
2511.65116,-656.9713752837876,1193.7681952216165
2511.65811,362.80272609750386,1205.0140953152536
2511.66505,-1278.9621301311029,1198.1555890819448
2511.672,-3627.347301526964,1210.550150527043
2511.67894,-643.6938444912852,1201.8490024970888
2511.68589,600.3823953014657,1201.3350563677348
2511.69283,1420.2368722453084,1209.5002252728766
2511.69978,-5141.877264512025,1214.6548857985772
2511.70672,-2867.126599584876,1216.3456530971164
2511.71367,-2840.6286823998557,1230.1727127175207
2511.72061,-1730.619803089328,1250.6050758587205
2514.20696,2165.569749550355,1166.2684247725215
2514.2139,274.25600552618886,1138.4603102105152
2514.22085,1083.5156750657134,1134.1391331600669
2514.22779,-486.159694316881,1136.7944036715571
2514.23474,1766.6142947873984,1126.6506246448562
2514.24168,1499.6807844576995,1134.4288611591685
2514.24863,2919.095955578269,1108.777623681975
2514.25557,1227.6547065895008,1099.300607870775
2514.26252,-1671.4543765204442,1098.4785532755197
2514.26946,1498.7928665230797,1082.1509254058542
2514.27641,2378.2944325247563,1094.312785428331
2514.28335,3983.256409986632,1105.0523979204472
2514.2903,1246.9973201318023,1096.0034349033654
2514.29724,161.72466095766924,1099.5125723564943
2514.30419,1395.7222781220532,1095.8158598832067
2514.31113,-464.14790708948436,1110.5684231363653
2514.31808,1553.8791255210415,1106.9355710028556
2514.32502,-2145.160008522139,1092.2491067360718
2514.33197,1665.3980127100244,1091.9577292078984
2514.33891,3292.8202136598015,1115.9136042698524
2514.34586,3381.612124945281,1096.7956801518237
2514.3528,1774.7237331746162,1119.4406508957604
2514.35975,-1981.2993252400643,1110.4721613326785
2514.36669,-164.01503207378832,1096.347126067814
2514.37364,-314.8016657567111,1107.3360530967743
2514.38058,53.489750503521854,1116.8557210168296
2514.38753,-815.3188611140674,1112.8494861955796
2514.39447,93.12487068644042,1108.9233713578144
2514.40142,1397.4494528836763,1089.0949715038835
2514.40836,958.4017227379169,1114.4205448129123
2514.41531,581.9910887395408,1119.7306145418722
2514.42225,842.5079309801487,1115.735455130104
2514.4292,2128.8869329353465,1111.4714224796412
2514.43614,764.3687962635087,1126.2493177864014
2514.44309,3563.755481517556,1111.2243465893946
2514.45003,-1362.9089032388447,1117.2068350621012
2514.45698,266.6641657969839,1117.1171713747015
2514.46392,1504.6054535013966,1118.8377480200372
2514.47087,1330.0007982575157,1123.5442079322436
2514.47782,54.71971007351861,1119.6058394499453
2514.48476,2174.3288667448305,1112.2245503243983
2514.49171,31.026817075002807,1119.1648260702634
2514.49865,2770.5420773174587,1129.6222512676063
2514.5056,1731.5810072441352,1125.6854144908748
2514.51254,1294.909423726226,1111.6493359723793
2514.51949,-1037.2239981372702,1095.8788954584484
2514.52643,-1765.3697251027666,1103.726412193774
2514.53338,942.7278974981882,1111.8094581158439
2514.54032,284.5905408076866,1129.4733223571286
2514.54727,-114.23731109922014,1108.0110639576337
2514.55421,-1969.211458378806,1101.6350449778106
2514.56116,771.7337079218435,1125.7964042327021
2514.5681,862.9771728784526,1107.0082681055173
2514.57505,2919.6021253562844,1134.9332635846074
2514.58199,1454.066592683723,1132.9726804593324
2514.58894,138.1465280531449,1111.0024849292447
2514.59588,1597.4918494134647,1102.101272587589
2514.60283,-52.71977389753196,1106.0983171754394
2514.60977,79.50506261155061,1099.7327844875724
2514.61672,-837.2292023035517,1148.0302887672588
2514.62366,933.9208261371272,1125.000742102595
2514.63061,2160.733448135502,1137.635192204127
2514.63755,1703.1061294666283,1140.9624101653433
2514.6445,4604.785178870353,1151.639929670259
2514.65144,1862.5934398854847,1158.503148843773
2514.65839,-1123.1159194911154,1122.113241462504
2514.66533,1472.8846559812093,1118.2500443764754
2514.67228,3480.3463370636982,1116.226896969979
2514.67922,2270.728406109202,1125.2962434534477
2514.68617,1894.5007520142844,1117.9779899031423
2514.69311,6252.203678168864,1108.2930156053972
2514.70006,649.4419820122987,1123.7964680567156
2514.707,189.0598319701049,1134.8802430073013
2514.71395,1530.4313054131849,1094.01433848985
2514.72089,1040.1019550734459,1088.347263540362
2514.72784,3007.3247883327567,1083.3126651663836
2514.73478,2352.665228043021,1137.9885448959958
2514.74173,216.08288851746525,1089.2275229471488
2514.74867,-414.8443078995381,1109.1209613759083
2514.75562,-3405.567528713215,1105.3707570312943
2514.76256,691.0789235472859,1156.778919669778
2514.76951,3813.8594358457576,1139.2494920478405
2514.77645,1768.5767630887556,1131.0356620350822
2514.7834,385.311021575496,1161.3511786096471
2514.79035,1635.683160364585,1159.1397492419617
2514.79729,-1235.0331679509247,1109.1358071375541
2514.80424,4340.812219753923,1104.1555253994381
2514.81118,1152.424162920369,1159.750546292528
2514.81813,2254.93381177672,1155.733707355817
2514.82507,2876.693868201002,1121.6778836110682
2514.83202,-181.48378059058663,1102.796666914835
2514.83896,1807.312418633552,1098.604270955488
2514.84591,1963.0281986533666,1093.2063048917048
2514.85285,1082.0947235939097,1066.246166096081
2514.8598,2090.6316438209433,1099.770252362202
2514.86674,1985.3172245883218,1068.0739621310806
2514.87369,1487.0688386456466,1116.693360226768
2514.88063,2174.3142566301954,1145.0308557972994
2514.88758,3546.5719837066645,1071.4273369104346
2514.89452,594.0723574845124,1084.6399469516134
2514.90147,2786.040463358057,1108.5704899599657
2514.90841,3865.862135891101,1107.1073576733272
2514.91536,1994.2418838074973,1111.2849078710287
2514.9223,1197.7489801657593,1137.8308970461392
2514.92925,147.41193284914107,1116.76629297644
2514.93619,3279.789051816515,1090.0809185947671
2514.94314,2483.1571164387296,1110.999892812132
2514.95008,102.13836882848004,1098.167970516011
2514.95703,-881.1652338940372,1113.9834196088996
2514.96397,3253.966852433385,1158.1322404496404
2514.97092,646.075764470886,1115.213025708381
2514.97786,1238.6284343863,1165.7755690505849
2514.98481,1665.6617017144933,1104.4894372129615
2514.99175,492.2968850518164,1093.7758637154775
2514.9987,4587.3951364549785,1092.1442438165109
2515.00564,1206.0287913413877,1121.2626735790088
2515.01259,970.1100800891687,1146.2252326687485
2515.01953,1862.4890482599444,1160.0032777110207
2515.02648,-2126.719098264557,1162.5674706530494
2515.03342,1067.2153822492369,1129.3051882153159
2515.04037,-1978.634275377649,1095.3156991039523
2515.04731,-2842.201744016776,1123.23374299624
2515.05426,3891.7572680239023,1099.5882150467844
2515.0612,-357.6236761062425,1164.8511258293765
2515.06815,1058.741044466648,1210.1028925015894
2515.07509,2308.390336051797,1182.6642724516544
2515.08204,4740.3702239220875,1162.1356475067676
2515.08898,4153.728052317749,1167.3409721396717
2515.09593,-2047.1330909049857,1167.4714027598448
2515.10288,3396.331933264015,1145.445358888328
2515.10982,2135.841700972342,1153.3435397308572
2515.11677,2246.64245389759,1150.9183785248754
2515.12371,-294.83800451889715,1140.2079862620299
2515.13065,768.9548405534773,1112.6917205222176
2515.1376,3823.4727734523876,1143.660450609194
2515.14455,-423.00971245169,1127.3394208558152
2515.15149,2666.9426970254326,1146.4099799247838
2515.15844,4446.689717517535,1100.6909252312464
2515.16538,792.0430633236932,1121.9697324332622
2515.17233,1254.4842969414462,1083.1467696711682
2515.17927,-438.70945886254617,1052.9331704285362
2515.18622,1188.4931190736784,1091.8400235262789
2515.19316,1909.4285188195636,1069.5295537133911
2515.20011,-1029.961003810868,1058.990594650502
2515.20705,6570.341987767201,1065.6951055626128
2515.214,2116.6775900403045,1061.5025917797607
2515.22094,792.03999991256,1080.0962012999846
2515.22789,3681.146103084428,1094.846643730051
2515.23483,-1490.5241307569336,1093.5442227044025
2515.24178,708.0755532790497,1061.2698903571395
2515.24872,-1190.7572155481546,1063.436193322362
2515.25567,-36.53188470494419,1088.8695751385799
2515.26261,593.9471110985648,1064.9131109591003
2515.26956,-464.5109213087736,1087.4132766152386
2515.2765,-672.3004489475214,1084.619563485227
2515.28345,1664.3009580538082,1084.5915214910071
2515.29039,611.6478540969537,1124.7344609810132
2515.29734,2460.477976878307,1084.9608981795732
2515.30428,-607.1135343257347,1098.3796993547203
2515.31123,2862.7243599629014,1185.1485810572087
2515.31817,1115.2411855261057,1120.9659939931048
2515.32512,3102.814965884576,1149.5802569771743
2515.33206,230.8160108922783,1124.693576224735
2515.33901,2066.3841555838053,1146.4630005020902
2515.34595,4115.351287169562,1102.1541753413899
2515.3529,1121.2706855773572,1157.2092111104935
2515.35984,3314.586574526023,1131.614646739265
2515.36679,3178.6586630743764,1124.512245850348
2515.37373,2321.7191200690286,1103.1296361403174
2515.38068,551.0489867647227,1096.4128715836735
2515.38762,-1893.2941214983023,1092.9369603589898
2515.39457,2696.103896720291,1115.5005150608854
2515.40151,-1989.618489466404,1084.5804460815255
2515.40846,1482.3317446221079,1146.0757146407452
2515.4154,-564.1506070640742,1086.7110485246956
2515.42235,1118.99138987072,1157.5963791483332
2515.42929,247.68527341500223,1106.4970319167815
2515.43624,657.1008633159197,1167.1747231739407
2515.44318,2564.357894936035,1102.1991839203477
2515.45013,-958.610623812503,1147.2236690511752
2515.45707,807.9420492817152,1153.1550221226576
2515.46402,1571.8285939387486,1155.5322291620537
2515.47097,1676.4899174824636,1144.7692876159226
2515.47791,2024.2357422130717,1169.5937575576559
2515.48486,-2816.301192002739,1203.3169655474373
2515.4918,3649.124030861637,1141.4710542369667
2515.49875,685.5489951577633,1151.4626052950464
2515.50569,407.6328024448756,1122.1496489255876
2515.51264,3835.118802169428,1130.596180360967
2515.51958,-2077.122707664376,1131.0483869736358
2515.52653,2216.394685838472,1154.9534801048812
2515.53347,2779.2068178843288,1123.9144093853454
2515.54042,3232.7250418119784,1169.7720245209096
2515.54736,2862.802948240819,1133.1353947199095
2515.55431,496.65564780039955,1117.0732232072899
2515.56125,113.98752526835578,1103.6228453327694
2515.5682,2664.9448816725385,1109.2315976472205
2515.57514,876.6860555232166,1112.376542646009
2515.58209,-256.85771546545504,1107.8457575799437
2515.58903,3426.4746027565616,1154.093721987986
2515.59598,-177.51006505675102,1126.775988854309
2515.60292,2902.1009753755766,1110.5363751429713
2515.60987,-455.022123147061,1139.5904732716713
2515.61681,5180.955315162713,1102.639961653019
2515.62376,1898.7023382070315,1087.1629016668487
2515.6307,209.0799306668736,1148.3444062319213
2515.63765,441.75213305888644,1130.9463518181976
2515.64459,1664.011583525222,1158.7826261979287
2515.65154,215.76877105280278,1107.1794656584636
2515.65848,-1825.8266151113219,1122.9024232998293
2515.66543,913.3255130883397,1128.4103186938937
2515.67237,3513.0224475634363,1114.1610974546277
2515.67932,-1681.1757582812731,1112.517341734633
2515.68626,1737.8877460029453,1089.5077072423353
2515.69321,-1221.9697224672339,1098.912379421389
2515.70015,1510.7795229934363,1104.4998056814125
2515.7071,888.4057239309604,1136.2016336172746
2515.71404,1178.7468765532683,1127.978849018127
2515.72099,2907.521799199353,1114.73961086479
2515.72793,715.4485947592381,1152.934220874054
2515.73488,2396.379397973357,1132.5571169567575
2515.74182,2495.4767421345687,1102.0521401859519
2515.74877,-811.5320136593597,1120.8261374925216
2515.75571,1077.0657807481773,1177.448461526794
2515.76266,2257.0108045250586,1118.7634013883037
2515.7696,1714.02542280406,1123.6266843858307
2515.77655,-742.1392711986416,1103.254057761729
2515.78349,1456.1699778972093,1177.0054451475253
2515.79044,1229.9430747060326,1088.5533368508252
2515.79739,2949.193380844847,1074.5017056296535
2515.80433,-202.93131105194104,1103.4304395489007
2515.81128,-1418.0005821180418,1164.512618899153
2515.81822,832.2866240870757,1087.7044184964018
2515.82517,3909.7380774939725,1139.6491493772235
2515.83211,-495.2560223830233,1143.51046128717
2515.83906,4544.076735678356,1070.060348603978
2515.846,-696.1229478016744,1155.9996350068832
2515.85295,901.0190836250749,1170.667247512847
2515.85989,5010.38352285224,1159.247675572656
2515.86684,3465.132494787976,1153.3378842026111
2515.87378,-4884.504071211649,1104.2305789722025
2515.88073,73.86013848102623,1146.3111260039843
2515.88767,3075.325328256922,1151.6981344817907
2515.89462,238.66930097935506,1168.6657796312936
2515.90156,2643.8119399698667,1144.9331801115509
2515.90851,822.1563947634642,1160.621615465915
2515.91545,2464.152656356136,1146.530984664547
2515.9224,681.7822955224318,1166.7493803204404
2515.92934,2140.9131781034243,1176.1839796697957
2515.93629,-1127.9635319624608,1212.7046711417531
2515.94323,1469.5987940702917,1130.952360816959
2515.95018,-1754.2243284590004,1156.1238209812848
2515.95712,-1988.767214641878,1135.4126874269598
2515.96407,2423.2371481430273,1124.3207826545204
2515.97101,3211.522584241283,1176.1924629621647
2515.97796,826.5548640332744,1107.3384095668766
2515.9849,2953.989975738474,1207.6935196452944
2515.99185,-870.8540276665542,1208.0691409796318
2515.99879,2520.5491127310843,1211.7505363972534
2516.00574,1232.5779617511364,1195.5308348582819
2516.01268,-50.405838080387944,1189.651088482044
2516.01963,-691.3014921484664,1123.2375133484038
2516.02657,6058.3420670709065,1180.7861657799667
2516.03352,-109.40843256518941,1213.1131652340205
2516.04046,3175.281016652966,1157.9775381874117
2516.04741,2240.1632215272775,1131.2808527492466
2516.05435,-444.4497022087165,1158.4491856784257
2516.0613,139.12599485124653,1113.45945848161
2516.06824,1577.5101611793664,1117.2121371198318
2516.07519,2218.295414623143,1184.6987309146425
2516.08213,4275.992207527094,1131.011979510552
2516.08908,990.9805110224223,1114.55062196257
2516.09602,281.13807646052265,1116.4152967546734
2516.10297,-1318.742997989861,1106.1859778632522
2516.10991,1754.814388572665,1108.8811905429798
2516.11686,-2569.5792435656363,1110.4177268733108
2516.12381,1666.9250053364406,1110.6110752452205
2516.13075,1978.7037912456722,1128.610147358585
2516.13769,-765.2331494971035,1127.517687819069
2516.14464,5350.875190019331,1107.5877241037208
2516.15158,1597.43541195451,1129.279031397178
2516.15853,1475.909656651781,1117.245481171782
2516.16548,2318.6973006330954,1159.2686481565681
2516.17242,-3350.6145280995493,1165.1452132981676
2516.17937,4185.602020394598,1152.7050541565864
2516.18631,3329.5665371440728,1177.96429283223
2516.19326,1813.681721673583,1160.4944839038856
2516.2002,946.9385561008297,1144.7836620835476
2516.20715,2405.1535965764883,1168.9377162811215
2516.21409,6496.890225554937,1180.721480675653
2516.22104,3154.8320403975445,1161.5166028108424
2516.22798,1705.047625184073,1135.0980986682769
2516.23493,5719.486850566493,1149.33047114631
2516.24187,8743.37597419071,1172.899885111455
2516.24882,7058.517170962745,1215.1467989324728
2516.25576,526.0199752180929,1160.0276671765814
2516.26271,-1537.6621339226876,1166.151897325953
2516.26965,1914.5249745337326,1142.320915179431
2516.2766,66.0524460904328,1140.1219751032888
2516.28354,722.1601750816563,1172.837438653739
2516.29049,15827.853198037581,1167.9502374846713
2516.29743,3690.192945278418,1156.5901664145683
2516.30438,1602.0432535929267,1162.0357331744217
2516.31132,-1178.514410777657,1144.4453908003347
2516.31827,5334.609772960372,1136.236038080771
2516.32521,484.3196446373486,1166.7530328490993
2516.33216,2431.978827458744,1130.9091195905783
2516.3391,625.4871673618907,1125.0377386832042
2516.34605,3912.552291913876,1174.131965504544
2516.35299,1256.1519708329815,1162.8698057671995
2516.35994,-992.6279192710758,1147.552396630473
2516.36688,527.1846605662504,1128.6153315928107
2516.37383,722.8482643515845,1097.0032851678534
2516.38077,2564.438839684056,1109.8771526317987
2516.38772,1031.186368264165,1148.046666234471
2516.39466,4045.3154640178736,1163.5078200474497
2516.40161,1025.4726352066477,1133.01285827458
2516.40855,1534.7716876949687,1166.1087739230775
2516.4155,1623.9004563816,1182.4081241515132
2516.42244,-151.45481078048493,1205.1876493383024
2516.42939,1122.8173547291292,1195.1016038291127
2516.43633,594.0971004205885,1214.8735662240886
2516.44328,1683.549077145,1150.4573351493225
2516.45022,-653.7406547732684,1203.866494375339
2516.45717,1071.741336551592,1160.0648994042008
2516.46411,211.96731348345946,1166.175462026978
2516.47106,21391.861211653064,1116.2074560916335
2516.478,145.33859262946174,1166.6083455848063
2516.48495,1421.0920352455034,1191.186564400829
2516.49189,1961.5589395444615,1140.58596406647
2516.49884,724.6555590966924,1173.0842788969753
2516.50579,10301.251790829088,1201.610056428696
2516.51273,6769.909555571338,1167.3420325512177
2516.51968,-730.6930711462924,1110.0187764849586
2516.52662,7034.689016580347,1155.4129917748674
2516.53357,-949.9948978237644,1126.5260851999394
2516.54051,-252.06536221801298,1149.3876155462954
2516.54745,1408.7662827273987,1150.607913588872
2516.5544,-2403.5903143104933,1132.0317419474063
2516.56135,3674.4028282391314,1133.4389080691108
2516.56829,-351.4662197284257,1115.0015325166821
2516.57524,-2522.2583783199284,1138.9052117658662
2516.58218,-2899.667213053721,1142.0470933535214
2516.58913,-1634.456853323247,1088.630629070187
2516.59607,2155.5791410803163,1135.1003373148742
2516.60302,-247.5824134950284,1115.4181564308033
2516.60996,4628.680492650674,1169.1341280641645
2516.61691,1119.5813321608794,1168.2749590647952
2516.62385,-871.7069520201519,1155.76964352488
2516.6308,2990.422417405093,1196.2039605430593
2516.63774,-1328.7545790438116,1166.0872122216397
2516.64469,1530.773464872067,1104.1512837532537
2516.65163,804.6510031365722,1167.1960492283683
2516.65858,3920.451297520941,1134.4749301496722
2516.66552,3467.8920391015017,1128.0030028366775
2516.67247,3103.0358849566846,1166.3056570001409
2516.67941,-2802.4029669852393,1145.6469549055964
2516.68636,-369.79507983263437,1158.9260174036656
2516.6933,2773.136079606284,1137.458574769945
2516.70025,-2020.9165362502038,1132.4356409229738
2516.70719,2245.895099404584,1138.4112956323834
2516.71414,59.68632428504011,1138.424256217947
2516.72108,1570.6033473089567,1145.8890822086275
2516.72803,618.7850129198823,1146.1604297409297
2516.73497,2752.4668912197835,1196.8212378864075
2516.74192,-1760.6984944185924,1155.5474283942146
2516.74886,-1230.3607590316997,1172.396307450552
2516.75581,447.006000975902,1178.5826305871244
2516.76275,374.356499010032,1168.2212315464583
2516.7697,-1365.5237602880768,1180.4278645008824
2516.77664,919.0009535066914,1136.29165077519
2516.78359,-1424.4639083151624,1158.6831831596035
2516.79053,884.9701083450293,1205.0636990109113
2516.79748,624.8037910321675,1202.5079893612512
2516.80442,187.3557506154864,1184.6796435068122
2516.81137,65434.12848335776,1160.9185306988293
2516.81831,-2274.35477794993,1162.0667207562697
2516.82526,672.8869743560322,1181.7831882803318
2516.8322,-909.4933035841588,1179.6378578990214
2516.83915,8080.5389913513,1214.5986839866328
2516.84609,7009.892117338812,1226.3967050252843
2516.85304,2617.3526688945276,1241.8659886601165
2516.85998,2162.7832236541562,1206.6295733940185
2516.86693,-234.99261850193872,1217.2023478028782
2516.87387,-2875.9396799446977,1205.6404450684965
2516.88082,526.9217963263173,1205.5953186660338
2516.88776,4209.624112266432,1196.0494939278408
2516.89471,-124.58080096710735,1190.6121748133462
2516.90166,1513.7129748005257,1217.125409054032
2516.9086,425.6455420848347,1203.6884630590955
2516.91555,879.984760196193,1218.2073823015921
2516.92249,173.07177144220864,1189.4946188672384
2516.92944,-433.0244747402793,1204.3977605599464
2516.93638,949.656273070036,1236.2175298244383
2516.94333,4453.573084510425,1195.8879579023148
2516.95027,-1351.827131287846,1214.1858304246757
2516.95722,-1995.3078330583605,1239.5322584941116
2517.01278,579.9732433907753,1181.2320099233584
2517.01972,1994.3438011394303,1176.1640674974296
2517.02667,1335.4367034899487,1174.696222270586
2517.03361,886.9411777622605,1176.179502376601
2517.04056,2722.140181412232,1165.9445279569336
2517.0475,1069.280946117578,1125.269026223764
2517.05445,1904.9422710384354,1168.0714778714448
2517.06139,3485.648041323794,1177.804641982786
2517.06834,-844.9850523518903,1178.1383181492993
2517.07528,-1445.252216265344,1229.0830809421275
2517.08223,-203.15682524074973,1140.834453838778
2517.08917,-2208.1971154694206,1214.410873319464
2517.09612,2003.9737518602822,1213.1110444109283
2517.10306,-1772.7538419924365,1206.8867821057058
2517.11001,-318.9234854364885,1221.2012775668106
2517.11695,-2132.834256004034,1231.4407292796727
2517.1239,-1801.380476444544,1224.63041285996
2517.13084,-1912.951323799287,1225.186068510128
2517.13779,618.8092845619381,1184.713223205773
2517.14473,-3055.5320398075182,1245.8922534772378
2517.15168,3156.6940052490295,1225.4093440523393
2517.15862,212.77817484572765,1221.6295660079388
2517.16557,-1621.0552543798483,1154.704047744532
2517.17251,-829.0455351081056,1161.79796534108
2517.17946,2197.069510174929,1157.1941297018375
2517.1864,2507.19935612994,1166.9911541529564
2517.19335,1945.7859069134179,1194.7510789013666
2517.20029,3715.1327644316684,1193.8606866731393
2517.20724,-1342.6077954823534,1182.217132249706
2517.21418,3505.1424115406962,1168.561859299774
2517.22113,3575.5518530271356,1174.454094967555
2517.22807,-1965.1755320342643,1165.9100056699322
2517.23502,86.51944934213944,1115.7407571878346
2517.24196,-2698.8639123278367,1153.574827271417
2517.24891,-1586.3537578270164,1158.3466792289673
2517.25585,-513.8585864896367,1156.1327755676743
2517.2628,3936.0754012415073,1220.9053049219374
2517.26974,1696.4158751986379,1185.2920900864506
2517.27669,1452.3496685670457,1220.8123421763942
2517.28363,-19.94634118256057,1135.4104487803622
2517.29058,811.8593273565962,1144.2310698445128
2517.29752,-575.6764558058877,1164.85442488752
2517.30447,1883.9534274825314,1151.9116306730766
2517.31142,1697.999776578029,1211.7619652772505
2517.31836,831.6071359330216,1162.509383665023
2517.32531,4087.3034017746268,1179.4970588103972
2517.33225,3180.10789218741,1213.1764364562725
2517.3392,3062.7837230774276,1173.4887669900684
2517.34614,1438.8994085160305,1214.038668866775
2517.35309,-2699.0261552943934,1218.0227528690616
2517.36003,5604.873918132936,1204.9593073853707
2517.36698,2063.1548489553475,1215.723427166553
2517.37392,1503.5954704154676,1202.4519053728118
2517.38087,2860.684599442183,1222.0152023402122
2517.38781,2630.0272968113077,1217.9439289441332
2517.39476,-65.63652911734263,1197.6742800635104
2517.4017,-120.52519809721005,1201.8646730232704
2517.40865,3408.443247002793,1211.6466160657333
2517.41559,3066.7176142665317,1203.9085573666687
2517.42254,1502.127507365119,1178.7629005499653
2517.42948,654.0821072911198,1176.417741503963
2517.43643,2694.73773317837,1181.6568814828381
2517.44337,1712.587504747518,1165.9791680674405
2517.45032,-1978.0281912672872,1195.0487010753116
2517.45726,2249.9115848707797,1221.442580105306
2517.46421,1279.0026614168655,1205.3513061869205
2517.47115,-456.54982271450785,1221.029608719844
2517.4781,1175.982972770053,1214.7630477762818
2517.48504,-923.2659287451953,1173.889366907492
2517.49199,1781.6922865617114,1213.463218867746
2517.49893,781.5190678459549,1205.960218061405
2517.50588,-1628.2838442427542,1215.7854023302484
2517.51282,-2224.618766496176,1231.9022439492462
2517.51977,535.4850908552754,1160.79163478381
2517.52671,-808.000489740257,1200.1925218385406
2517.53366,2186.8424299301046,1183.4745446963968
2517.5406,-71.91781799904557,1164.3398896406404
2517.54755,3774.563411710588,1198.9580849753493
2517.55449,1410.8377377709958,1204.7869315973733
2517.56144,607.0489670449263,1204.4151984387047
2517.56838,3011.5423985222005,1229.8075776751393
2517.57533,2525.3897736156273,1210.5384860000354
2517.58227,5234.955359266931,1207.876263901743
2517.58922,469.37691424691855,1222.8341935243338
2517.59616,4855.569328293641,1212.3092554585546
2517.60311,170.18556686067402,1203.063291540904
2517.61005,49.260829257586096,1198.6965167939725
2517.617,6.561708823899695,1207.33015195549
2517.62394,507.4964706834181,1221.462374454167
2517.63089,654.616083416345,1217.992000934224
2517.63783,3648.5311429838493,1213.0407037783689
2517.64478,-813.0476952292837,1211.6145680723394
2517.65172,130.3794847718195,1220.8382633475214
2517.65867,1102.3529435945354,1207.0381853097908
2517.66561,2686.4414267120246,1202.8112670634423
2517.67256,-1177.1934914617043,1205.608868369123
2517.6795,3532.550279655794,1225.6358008291888
2517.68645,1325.608809280487,1217.999541638552
2517.69339,735.6323503046249,1208.48776789334
2517.70034,-2559.901103031188,1201.2035653360158
2517.70728,-139.5699538185564,1194.5679811744028
2517.71423,-2661.997526691843,1183.5931929660574
2517.72117,-527.2419227897411,1198.4783076624815
2517.72812,1275.802692841184,1188.9961076170557
2517.73507,1959.3868632274878,1193.3165777264735
2517.74201,-4159.592717285331,1181.1337451200845
2517.74896,1994.9590754831913,1183.123901945146
2517.7559,-4113.031695824172,1159.5905419725686
2517.76285,2419.165756923443,1200.254143531721
2517.76979,543.2328110817605,1206.8402418211815
2517.77674,3555.9627527121133,1212.6459950362012
2517.78368,-1287.5261316010917,1206.934264978271
2517.79063,1220.6142808642794,1150.028104120153
2517.79757,1626.26281765935,1203.3142556068196
2517.80452,-527.0542299460775,1212.521219944274
2517.81146,4148.491622279492,1196.8873368727825
2517.81841,4459.915405967783,1184.8669828799605
2517.82535,1053.0793893983957,1208.068198391591
2517.8323,5451.952911654678,1207.612692720779
2517.83924,1877.8413331541876,1201.6545937136332
2517.84619,1915.6995570563204,1195.2829342034995
2517.85313,372.55427067564466,1177.2030351656192
2517.86008,478.85039535296505,1179.7007756507578
2517.86702,868.5357323797207,1177.7028424743582
2517.87397,-757.7288526322062,1179.8736227327759
2517.88091,2405.0786608272288,1169.5575857415827
2517.88786,2797.038698443922,1185.3632554835458
2517.8948,108.0970569531515,1186.4539476704851
2517.90175,86.73695153259965,1188.3247492848552
2517.90869,3514.2182383169466,1185.4575142876456
2517.91564,740.4118607900084,1182.7861019559532
2517.92258,289.9068551824182,1172.4981069589799
2517.92953,2030.3286313100803,1176.4971545464173
2517.93647,3059.7371607054183,1167.060787844485
2517.94342,2636.3453466266096,1159.5563731560826
2517.95036,1139.242422637533,1162.0522284651393
2517.95731,5138.2828228411845,1164.9337201064689
2517.96425,-377.28052493671174,1160.1970973769508
2517.9712,5531.549758776721,1172.2258168386365
2517.97814,-1215.2766404351203,1163.8680065026158
2517.98509,2655.764663270747,1160.7985863706124
2517.99203,-819.5508457711367,1157.407154599103
2517.99898,1634.005707122125,1160.235036545601
2518.00592,1931.1854538053756,1163.579928032586
2518.01287,-2056.7253381041974,1172.80067772014
2518.01981,1464.8671199279886,1159.95544136794
2518.02676,3258.5841199522124,1174.9206760478487
2518.0337,1148.9424783439342,1165.0431781427299
2518.04065,2589.312677674436,1181.1252618277153
2518.04759,-393.57928604762185,1186.390558624728
2518.05454,2631.627929128427,1180.9398076306493
2518.06148,1098.9524394131313,1165.1774969385717
2518.06843,3380.253502107688,1185.2689966794462
2518.07537,1875.0340703210863,1176.8951623467285
2518.08232,3780.7650519028266,1186.879054876975
2518.08926,3121.0346035995335,1182.8162647732652
2518.09621,-1448.107551088536,1184.057653223259
2518.10315,-74.95259802054247,1172.9507848656688
2518.1101,5045.7542569141815,1171.7911659282315
2518.11704,3863.244922371766,1183.8475739136218
2518.12399,-788.7510745905091,1186.4551259055363
2518.13093,-1061.5706937657228,1173.6058835541621
2518.13788,3378.6459182037665,1180.0992547450894
2518.14482,1596.3235115366479,1175.6167773161253
2518.15177,1124.994026162803,1171.8937902011953
2518.15871,1500.9429098445955,1178.931741632809
2518.16566,-418.1499641593167,1173.4886491665632
2518.17261,183.83777639947303,1169.0058182670837
2518.17955,3224.300307725047,1180.990707384863
2518.1865,1061.6218291669468,1184.2763336487703
2518.19344,3863.179883796937,1180.3389077545132
2518.20038,3328.52474171176,1167.99618865167
2518.20733,279.29178213521857,1193.0118861422209
2518.21428,3803.0577303664404,1202.3030942858393
2518.22122,-2622.7458041946006,1186.0498130479075
2518.22817,20.442849433156038,1189.422393058597
2518.23511,2106.887752822998,1160.3176308226934
2518.24206,5484.014926045707,1166.7956849579546
2518.249,389.92192662504596,1159.0027205055017
2518.25595,1825.437444073895,1165.3257189080186
2518.26289,3054.9496382216867,1167.5138192216896
2518.26984,3964.6223870041504,1182.7268367328757
2518.27678,430.69050892726415,1164.733537971262
2518.28373,1710.571073280814,1169.2850599742292
2518.29067,1984.3754613118601,1174.745119025213
2518.29762,907.9066922641497,1175.515449101718
2518.30456,2448.1192337787666,1177.6782173617871
2518.31151,2047.1078766748892,1194.8664281128836
2518.31845,-1116.5862586606095,1163.30481014812
2518.3254,-272.5265921179685,1184.3787222747237
2518.33234,-16.507544361991066,1178.4494900263335
2518.33929,-682.5294143684275,1161.2274639292664
2518.34623,14.866262935603984,1177.450346702876
2518.35318,1416.8872678181185,1169.2269729862028
2518.36012,-3063.227799868243,1173.036913847915
2518.36707,3305.089293071941,1179.8542996779352
2518.37401,-955.10231112391,1171.567536915505
2518.38096,2275.0905857394337,1177.527756745743
2518.3879,-2634.2106203607595,1177.730059704042
2518.39485,2214.803008107742,1184.3374840479303
2518.40179,168.3561212966028,1161.3502360216062
2518.40874,2792.8896615344606,1180.9143577535422
2518.41568,2740.1206374117864,1183.029407494036
2518.42263,-54.376961497110855,1178.8406640633475
2518.42957,-942.7805646049791,1123.5509238720356
2518.43652,1354.4713263898545,1164.4333236802042
2518.44346,2559.930441083964,1125.5281201115333
2518.45041,-1209.283194376437,1171.3489743134985
2518.45735,954.5605586473465,1169.535434922619
2518.4643,-1303.9870178550534,1159.3400492006738
2518.47124,1151.1487234773942,1173.3910913043198
2518.47819,-522.9609235545402,1159.9383569596969
2518.48513,-1687.7940223876326,1140.017112183728
2518.49208,-682.5215201935841,1157.0912697818637
2518.49902,376.06435071681454,1147.547683690268
2518.50597,1539.4651870216112,1163.9802923029997
2518.51291,-44.588302514855826,1154.3352601734919
2518.51986,-2191.8678380706833,1174.5276168347527
2518.5268,304.3573189684371,1160.9620075722203
2518.53375,-197.07571849425366,1154.154990210651
2518.54069,3341.8641298444527,1188.8917159915152
2518.54764,-825.4495617316996,1187.2301689222468
2518.55458,2882.325596098952,1209.3254930147768
2518.56153,2312.980268517435,1200.2980916991323
2518.56847,-1113.881737923977,1202.73833431377
2518.57542,-1947.168094452036,1200.9029975744425
2518.58236,1247.2659577234865,1200.1510479647368
2518.58931,2173.398532348366,1204.0722142152867
2518.59625,1481.439231570788,1200.4814250731063
2518.6032,-2131.519934804368,1187.7348069946956
2518.61015,735.3739633578864,1196.810280300431
2518.61709,-690.1241996852605,1177.4595369362758
2518.62403,-2176.7242186040157,1154.1329572151926
2518.63098,408.50375379475736,1199.314972372372
2518.63792,592.7025414139325,1147.0482298520444
2518.64487,4184.793986796453,1219.3264699532663
2518.65181,190.00218436409227,1148.5628510104225
2518.65876,1237.3919945235211,1142.3550839959173
2518.66571,-2941.6751808063455,1150.9411184613646
2518.67265,-480.0792945114157,1169.8635733843914
2518.6796,822.7847475162941,1150.4456706223152
2518.68654,-25.779900744789593,1154.0064147706887
2518.69349,108.82662009688364,1157.1726858239049
2518.70043,-1204.0902412115709,1149.0059852131965
2518.70738,-1791.2325735951638,1164.2820382996242
2518.71432,2161.2058025675465,1171.4764593460434
2518.72127,4404.9514477681405,1166.2697208310778
2518.72821,439.3047032104361,1207.23106238768
2518.73516,2143.697936647047,1178.4803597846762
2518.7421,1910.1599671393776,1190.7520313139291
2518.74905,1585.1924893605074,1179.3535497811554
2518.75599,4613.027639994857,1202.4165583212746
2518.76294,-1409.3923968336312,1172.6033233490562
2518.76988,445.8408443337238,1186.5674117059202
2518.77683,3005.5673329303168,1173.1599215872652
2518.78377,3104.5605211129982,1183.6584671878966
2518.79072,294.12988525309777,1184.384495626475
2518.79766,-2153.7689007475806,1159.0146206795193
2518.80461,2252.7381707587215,1187.543225975363
2518.81155,255.1279485867193,1163.7995510461385
2518.8185,1103.5814892824706,1158.1873818500387
2518.82544,1446.6752885602402,1155.0900375473204
2518.83239,-1627.1666417671615,1165.101147307251
2518.83933,-713.3474481923494,1166.531524659465
2518.84628,1722.7702833544154,1139.6608139042307
2518.85322,-921.0699342566811,1141.1616497125092
2518.86017,-2399.248046852628,1141.86635209666
2518.86711,-3588.029126572831,1158.6093078218903
2518.87406,3169.8215467195087,1157.9009529090806
2518.881,-603.6256051035282,1134.307620772395
2518.88795,478.9090714585172,1156.6679299279506
2518.89489,693.6799952464189,1129.230841583582
2518.90184,-471.21154404521525,1133.817828461592
2518.90878,-1179.9119153719412,1131.3656856729365
2518.91573,1311.9144189268536,1155.3942578375527
2518.92267,2737.9423164490413,1174.3188335836717
2518.92962,475.40358653404707,1153.4706712928867
2518.93656,-68.34211026552111,1171.9627169516932
2518.94351,2970.6261833680614,1165.4070171265548
2518.95045,1437.9240655406081,1194.0166849939244
2518.9574,2276.719142227267,1191.0378711373617
2518.96434,12.828623237977414,1181.1376332957534
2518.97129,-2568.9560750470314,1157.0136240919865
2518.97823,277.8685920168173,1198.3547108056055
2518.98518,1367.7474433002953,1194.8934096955572
2518.99212,-222.2016987856012,1202.9625524440223
2518.99907,1952.7519860069056,1197.879764256448
2519.00601,-544.2015559408957,1209.9074233065876
2519.01296,-71.18318844459301,1202.9098853372316
2519.0199,3026.2243854957896,1214.45906313306
2519.02685,3957.0597675042163,1212.9208772736567
2519.03379,-1662.532780712402,1181.6496942490255
2519.04074,3628.635112437977,1199.0766154215046
2519.04768,788.4195192470883,1189.7432264630513
2519.05463,-850.490473452347,1185.3971886530217
2519.06157,2698.604229322542,1173.8384671532783
2519.06852,-364.23475297878946,1132.3793212875244
2519.07546,-2993.6847146149853,1131.6159427978214
2519.08241,4438.244835611227,1173.9540520118055
2519.08935,1766.6600103073868,1163.1345551832146
2519.0963,323.3626038155667,1157.687692364805
2519.10324,1696.9271113873735,1181.4492764668084
2519.11019,1339.0909995013913,1166.1537825020353
2519.11713,3143.062414823627,1199.9552252992194
2519.12408,4829.595961353436,1193.6926703548313
2519.13103,-2445.3038411238117,1207.416163114231
2519.13797,-1950.6757001995982,1166.081910163909
2519.14492,-442.42726174325094,1196.8786179334033
2519.15186,-1450.67162620706,1213.5367407349436
2519.1588,281.1279436390819,1205.2367817399393
2519.16575,1510.5289123980356,1203.8760380792542
2519.17269,1479.594940245071,1174.7280346169698
2519.17964,22.06999203892818,1164.0006757693864
2519.18659,-1279.2793110068985,1198.288965289746
2519.19353,2137.381065066796,1197.010698082648
2519.20048,3246.224552088136,1185.4930969861932
2519.20742,-514.9677769668805,1167.6806573049462
2519.21437,-221.4320756501267,1189.5737962626822
2519.22131,-2407.903832833109,1173.9033879046021
2519.22826,147.58301257858216,1213.927325654432
2519.2352,2300.771279092908,1195.4057062958395
2519.24215,-959.2106989241031,1177.5017177511104
2519.24909,3391.563498188113,1214.514086709953
2519.25604,1507.311977237616,1209.8544027292814
2519.26298,2218.6848213075805,1225.1874823921894
2519.26993,-1482.510247232372,1223.7298878102918
2519.27687,-2036.3994874116306,1229.0129759565784
2519.28382,1143.1727791214828,1198.7417610199402
2519.29076,2635.359753006241,1197.8419429113028
2519.29771,-842.9569563581788,1196.1874652523418
2519.30465,170.90853188811917,1210.990456965694
2519.3116,3929.6527241536546,1208.1925021894976
2519.31854,6104.076203173101,1199.5159792721147
2519.32549,-1814.7513234531054,1167.7326174707061
2519.33243,3299.0583791386284,1204.527837709604
2519.33938,3085.0992593010365,1173.3153307905245
2519.34632,2297.0821073239485,1174.0452474047722
2519.35327,515.5686768430165,1154.4530836786164
2519.36021,1831.889812685039,1157.751906175098
2519.36716,-2228.741057469974,1158.5963472363264
2519.3741,890.9503581711386,1171.7412087620587
2519.38105,-1005.6227914747842,1155.0945148405153
2519.38799,-3613.537797608824,1172.2048442547243
2519.39494,3072.2616814766693,1174.5359823036165
2519.40188,905.9118224988835,1173.8699260291467
2519.40883,-200.6795860455029,1165.5428676279635
2519.41577,2806.9825309824264,1182.7071602075198
2519.42966,1089.930811449238,1177.075078839054
2519.43661,3887.0814422230287,1185.401312475701
2519.44355,-1672.2526307676642,1205.6585898882856
2519.4505,2027.1304300869754,1189.6516775995697
2519.45744,5406.375834284817,1194.4627647843265
2519.46439,-1090.1322896430015,1164.43414844474
2519.47133,13.535917739240963,1170.1250237422632
2519.47828,3990.2649055419647,1164.5837842962485
2519.48522,5198.150595324118,1168.314429939012
2519.49217,1224.7985470017727,1196.1540033768865
2519.49911,2382.3257637525976,1178.6308204007205
2519.50606,860.4956920370212,1183.7245661742716
2519.513,-480.75748660691346,1193.0709157182882
2519.51995,2077.19293047343,1165.633120432889
2519.52689,-730.6380475693991,1200.1874554278204
2519.53384,5372.113348112079,1193.1888570469182
2519.54078,-205.73056188669372,1181.8462238555735
2519.54773,1643.5293810413543,1213.4299926393007
2519.55467,29.353487655221816,1192.6256606924221
2519.56162,1632.5835774152695,1192.2648851197303
2519.56856,4417.347305271795,1196.35571721766
2519.57551,-257.6044808409354,1184.2365093040385
2519.58245,-1750.7183722405098,1180.8274040067602
2519.5894,143.70308455482578,1188.9164589275915
2519.59634,-1326.05100089522,1178.5491687116692
2519.60329,-2296.5745236638713,1197.6554283026906
2519.61023,1764.46601881846,1185.497456455883
2519.61718,-734.9345995072765,1189.4305228804506
2519.62412,1812.5550933175807,1178.716595912451
2519.63107,1476.7727138268192,1173.4058192424604
2519.63801,-651.8851702145646,1201.4756198093487
2519.64496,-1142.9926269821472,1212.9344269767462
2519.6519,264.7957206527164,1189.5191261563043
2519.65885,1206.7276025502824,1205.039780839371
2519.66579,2471.3766511023414,1209.6462085957262
2519.67274,300.0314289777837,1205.5902522553133
2519.67968,1916.617991278768,1201.8031691535953
2519.68663,3210.4064421772378,1228.1138647889716
2519.69357,3511.4238182459044,1222.7077689033351
2519.70052,-958.1661935511727,1216.6968849658936
2519.70746,-762.7573241839181,1254.3237035039615
2519.71441,4138.92788836852,1197.6713344758823
2519.72135,-1742.1385824208342,1227.733294867419
2519.7283,-658.4493533320718,1231.752961568253
2519.73525,1381.9996101271897,1229.0320633644087
2519.74219,-724.261086001535,1185.4981633969137
2519.74914,2044.3061515465288,1235.7289157486862
2519.75608,-1288.0485610228147,1217.4313966968407
2519.76303,3543.6769423622454,1195.1137396501404
2519.76997,3410.591405148227,1199.0016796722452
2519.77692,2365.0541339598735,1241.2392854363584
2519.78386,-384.0347573679852,1216.3522512134036
2519.79081,-2469.0987692777658,1188.842347942868
2519.79775,2097.3672601384064,1179.7258720573495
2519.8047,3656.029548673491,1196.42216967455
2519.81164,1543.625181517049,1182.9948852070343
2519.81859,529.0384955958825,1195.8139647410965
2519.82553,-1307.8509218821127,1184.238983597646
2519.83248,842.231281390116,1195.7661283980158
2519.83942,-916.9489393414395,1163.6776037183342
2519.84637,-1481.5139316730372,1202.5130557719717
2519.85331,-1521.0633941677302,1198.9148437489685
2519.86026,1986.9633367784188,1199.9459172423146
2519.8672,2342.7427215589446,1200.1076889148508
2519.87415,-949.084593423171,1198.5581919989559
2519.88109,52.55894481303673,1189.5894667888638
2519.88804,1488.9576672563003,1200.6527404495578
2519.89498,-956.956146153542,1185.9521373621592
2519.90193,2872.871791518261,1184.2543006533122
2519.90887,577.139352445516,1183.9605666550362
2519.91582,2665.914333472704,1183.1419289414298
2519.92276,-481.11531659197715,1181.1391650013202
2519.92971,1241.8051917314722,1175.9987611197398
2519.93665,3890.735384763956,1173.7002601817671
2519.9436,1307.5954805230028,1166.4461026182496
2519.95054,-1747.5803788285236,1192.2360183609749
2519.95749,1216.1369876695408,1181.5986766713065
2519.96443,-3326.0134515235322,1175.276974327346
2519.97138,1862.1706891490971,1175.731537410117
2519.97832,1724.1535313045792,1183.39230388982
2519.98527,-2233.7658764930266,1196.3546568061138
2519.99221,-44.44656083819084,1166.1065352764801
2519.99916,2294.324683833515,1202.876305638271
2520.0061,1286.0659449020814,1190.2306623037523
2520.01305,2390.701836731913,1165.6753012477236
2520.01999,550.1898177653535,1160.975085981289
2520.02694,1037.7507870286825,1197.4379261122303
2520.03388,-2085.8887764456535,1161.538871453311
2520.04083,4588.441998298012,1152.5633124799213
2520.04777,1286.6442226652334,1200.3795077411735
2520.05472,127.63219410282682,1163.6303564927794
2520.06166,205.13755618540105,1151.7940428149623
2520.06861,-2362.2072824290503,1209.3703837702294
2520.07555,230.12827509286547,1195.874761669741
2520.0825,-2471.5088490750913,1151.226958284797
2520.08944,-1115.4846088876936,1159.632251493383
2520.09639,4058.7929412985723,1163.476832465602
2520.10333,667.7612984125923,1164.1309885660542
2520.11028,2688.911125202943,1164.3662821057883
2520.11722,1701.3505592402705,1176.0890139246653
2520.12417,1751.9529269272064,1166.7967453695007
2520.13111,821.6721401574017,1165.546166686107
2520.13806,2457.4336531528947,1219.9197113015691
2520.145,2315.4727069448427,1157.5333435730915
2520.15195,669.3404868517787,1229.8647220751247
2520.15889,2649.4773653902826,1171.0209536752313
2520.16584,-306.5430628120055,1158.2075296694152
2520.17278,757.3937625836315,1185.115943946289
2520.17973,1061.8603039413192,1199.2352058594024
2520.18667,-2407.601262071949,1181.6894007702524
2520.19362,1657.187010461389,1155.4109887752802
2520.20056,-2686.539809338804,1159.535871866191
2520.20751,-546.3293306199425,1158.8094899570972
2520.21445,-1821.361222090601,1161.080773665386
2520.2214,-2030.4894603945756,1154.9970748017772
2520.22834,908.8446851884474,1146.246558723176
2520.23529,-1647.8596305016974,1161.213914226177
2520.24223,-3818.5947625167196,1155.0152196215663
2520.24918,-3670.3544126030465,1152.7651441442001
2520.25612,803.1037448672745,1150.99366774465
2520.26307,-941.905607255923,1146.0600441145634
2520.27001,69.15167556923294,1145.554934748094
2520.27696,287.5632278419828,1145.4486579464715
2520.2839,-198.9818671601611,1147.8960877949216
2520.29085,1869.2911170342984,1146.2493864872988
2520.2978,936.0486008161743,1141.347575203596
2520.30474,-273.99172740419414,1136.9657190480084
2520.31169,-187.05317985432612,1142.9535095784456
2520.31863,-657.5626136325034,1142.2343149031644
2520.32558,-45.266376786848504,1144.9902066880313
2520.33252,-140.07706618461313,1133.5114873482676
2520.33946,332.461759645832,1141.5774488620943
2520.34641,-96.75265640922994,1136.697081456324
2520.35335,-927.0121270906352,1138.0793868184471
2520.3603,3447.4436519636047,1138.5589284843045
2520.36725,2904.655742437195,1137.0575035585007
2520.37419,-447.1244135985523,1150.4686462058144
2520.38114,602.3425071327202,1138.2307900225323
2520.38808,-851.7496532516149,1138.5994597700674
2520.39503,52.96555372922206,1138.122745868333
2520.40197,1174.6840864495584,1144.5579122477286
2520.40892,861.8164935294692,1150.7504800300728
2520.41586,-4188.756037803281,1138.7026731605567
2520.42281,-1185.0033046753897,1142.3635672882863
2520.42975,-2384.865685052571,1154.1178758065369
2520.4367,-1390.7547213224907,1147.437165242461
2520.44364,-535.2797244858431,1151.5476738657464
2520.45059,-1067.094495332979,1153.602280148111
2520.45753,-4653.0161128696445,1153.5128521077213
2520.46448,-1232.5713636348494,1160.7138712704277
2520.47142,-5052.491758407727,1166.0321886447464
2520.47837,-2491.2193076003923,1142.0531023522826
2520.48531,553.723226860538,1154.986470686316
2520.49226,-2111.6110614964373,1160.710454388779
2520.4992,3117.628208242874,1164.4739727894723
2520.50615,-540.8717458625665,1155.3798833699275
2520.51309,-1493.0820790531907,1163.5530642734177
2520.52004,3391.8220029583567,1162.775900433615
2520.52698,-575.4422226776998,1154.2538441314505
2520.53393,-3022.243836198657,1145.7595941764955
2520.54087,1725.17918491669,1143.9388675518035
2520.54782,180.63026711946335,1171.2610779786755
2520.55476,-499.3133926054974,1136.2798684246775
2520.56171,1104.110163349965,1137.4014303699596
2520.56865,1044.2863390344446,1147.8466019227694
2520.5756,1440.2752335853716,1139.6995778374169
2520.58254,-1358.8302069619428,1150.895285117871
2520.58949,-1467.999222164719,1154.5559435985904
2520.59643,436.0452337646664,1142.3383530581896
2520.60338,657.8526951021204,1151.854250626081
2520.61032,-2784.819340550944,1171.0758594286194
2520.61727,-2213.4013796907784,1173.403698419368
2520.62421,5.0717127780927616,1172.0612174019773
2520.63116,1845.7498628868782,1161.3160672051201
2520.6381,-1895.9238243091804,1140.1458932748292
2520.64505,407.832513286062,1137.435834833456
2520.65199,-384.27523514194473,1133.2103304691689
2520.65894,2725.4838946641657,1131.2364332878146
2520.66588,-4255.816581803561,1125.4227858979516
2520.67283,21853.304598005918,1142.4621855620758
2520.67977,95.1218612747989,1127.3583904401403
2520.68672,2487.1945744888376,1144.910675822072
2520.69366,637.9507733809918,1126.9645064625086
2520.70061,-535.6772609921338,1167.2755800943273
2520.70755,923.1206523633765,1167.1049716589068
2520.76311,1379.8257664576386,1122.971939167853
2520.77006,-1383.6926160723262,1171.1502060603532
2520.777,-3694.905885483406,1109.1847038921808
2520.78395,666.4017329869585,1110.3249997747778
2520.79089,1620.4874629086523,1119.720835190947
2520.79784,1275.7567416741854,1106.242650969217
2520.80478,-895.5936646845979,1157.7608607614875
2520.81173,-1404.418595388297,1120.7427184508936
2520.81867,2219.469408028206,1140.331818765916
2520.82562,-710.8378075331931,1119.264622579104
2520.83256,-2039.9835606140189,1141.2514312234143
2520.83951,1962.380405022191,1127.907094503506
2520.84645,1762.5716525030648,1132.386508521337
2520.8534,667.4443531838069,1137.1494058924977
2520.86034,1213.9352198292754,1111.2387210570198
2520.86729,-444.80906389934677,1115.5991333346747
2520.87423,-2978.1971683368597,1126.231762084138
2520.88118,-148.10296770669748,1135.9063679134322
2520.88812,-3600.590290454176,1136.7171114521952
2520.89507,690.0010741224053,1133.1439958357837
2520.90201,-808.0755433130215,1132.5044498499667
2520.90896,2116.1696529097117,1142.1994391456476
2520.9159,-2138.884610815692,1133.709313013372
2520.92285,794.5147648141993,1133.5316351676438
2520.92979,-1796.7118378774826,1125.2289662320215
2520.93674,2655.5647167825505,1120.808346143248
2520.94368,-143.61695557257963,1123.108143139777
2520.95063,-1412.9521983939637,1096.8815734870595
2520.95757,-1235.2024803277893,1104.4603348071957
2520.96452,-199.56415092248739,1103.8428218168372
2520.97146,1593.0304623919178,1123.1076718457566
2520.97841,376.3499548932369,1124.8917553603546
2520.98535,-409.3371194465044,1115.5080557652132
2520.9923,2090.734385917412,1116.0882187044472
2520.99924,-574.3588355480781,1127.4173021927027
2521.00619,-686.6936505100497,1121.1961032986135
2521.01313,165.73443048407304,1124.404672990169
2521.02008,2273.921423098081,1132.1415534541827
2521.02702,-1433.6132569586107,1144.3554914659244
2521.03397,-2335.8580585074983,1108.230333500671
2521.04092,-1135.8406223975728,1114.6116545382245
2521.04786,1895.9776696510226,1126.4354789244985
2521.05481,466.8433554162222,1114.6235547122421
2521.06175,392.63964359425233,1109.3475359762633
2521.0687,-3249.767151416721,1117.3310210365025
2521.07564,282.2374875868412,1105.9179293890934
2521.08259,-750.4979062991981,1113.6486830308404
2521.08953,-1571.763084069899,1128.0872466428418
2521.09648,3808.101990267839,1127.6654384944952
2521.10342,2077.39134525606,1126.6628782893893
2521.11037,-350.24592168584917,1117.5976556285998
2521.11731,1320.677188649988,1130.7220158644402
2521.12426,17.48807157163882,1128.8241148438915
2521.1312,1208.962007501467,1117.5128227049101
2521.13815,205.77498134812572,1142.3153774746904
2521.14509,1298.2572608008395,1152.1165257484886
2521.15204,-1142.4852789690801,1143.4022993094657
2521.15898,-1384.6176484110601,1127.0587652666081
2521.16593,4001.8092525740826,1127.4520601267145
2521.17287,10725.233075904036,1131.2067417645233
2521.17982,-909.2947709780237,1137.2184504665008
2521.18676,755.0184407203175,1140.1868958546127
2521.19371,153.45262613337937,1115.1511683681906
2521.20065,-383.07638097730086,1134.7665433248558
2521.2076,-1517.3064738833239,1126.1712008025038
2521.21454,593.1010205082642,1118.7479665091323
2521.22149,34.739082250966746,1131.3913711970536
2521.22843,-3923.1565251986044,1107.661717264939
2521.23538,-2229.5628764182184,1116.4144719901376
2521.24232,1338.5147247378268,1108.5649522552249
2521.24927,0.18875325520977426,1120.2240593813347
2521.25621,180.98797928102192,1118.727583042746
2521.26316,2620.490191012493,1119.794592705155
2521.2701,-23.666736180378127,1108.7161198123
2521.27705,-1127.3164452723158,1123.0092892189775
2521.28399,1418.618566402421,1129.864732041153
2521.29094,-2818.7986968408673,1075.8260418272553
2521.29788,524.3796363797468,1128.8837335374847
2521.30483,1515.644455520035,1128.8559271902752
2521.31177,-2943.241173012958,1110.6311052410917
2521.31872,365.3328680465517,1108.0327434825767
2521.32566,637.8343637579286,1112.161043455136
2521.33261,-2042.3823293548528,1115.5997224522002
2521.33955,-515.0111360167664,1125.5263527589564
2521.3465,-2393.551398203354,1134.106260402137
2521.35344,-2847.9759205324226,1120.5936717169109
2521.36039,-1083.1590233157012,1130.6957412227976
2521.36733,-693.1393031814017,1114.180302685963
2521.37428,-1402.5601652419653,1086.9095811308305
2521.38122,-1485.11626751872,1060.379498128912
2521.38817,1112.4261463416665,1067.556599120078
2521.39511,-3554.1314219719598,1084.878657372996
2521.40206,-2614.7632617224026,1054.7561356998253
2521.409,1020.5125012879081,1089.8215890599874
2521.41595,863.9281263883141,1085.7494908993729
2521.42289,-591.8143878323026,1116.75227197933
2521.42984,-1754.4902561100666,1097.4558452510375
2521.43678,502.47389030696246,1119.7686715340276
2521.44373,-1375.7088953650766,1089.2648729982734
2521.45067,-4381.387335860726,1084.7307888740647
2521.45762,-685.0193785022277,1071.628932927703
2521.46456,-1541.4515734945087,1080.716306407456
2521.47151,207.1288912455136,1075.9530555657796
2521.47845,-1089.7798795391734,1086.190975573075
2521.4854,-1058.2200289269863,1094.6924127618427
2521.49234,779.3697314654702,1079.3714689199626
2521.49929,-1003.1719447446853,1079.0668951592152
2521.50623,-1196.262401001601,1069.4762974890748
2521.51318,1741.8542743029682,1075.5577577060862
2521.52012,-668.4424360957182,1071.1918077236903
2521.52707,-1482.4051486658004,1063.4939268398732
2521.53401,1116.798458793339,1066.587147319912
2521.54096,684.3314070558047,1057.516386954382
2521.5479,-2369.8137322728903,1076.322903548366
2521.56179,-1311.237640713417,1061.2873282358978
2521.56874,-3407.486520141181,1061.9916771495332
2521.57568,1358.872034306262,1064.9106366654926
2521.58263,381.89001610420024,1057.3123166435057
2521.58957,122.9849994136984,1060.65626554245
2521.59652,-1677.0131716687226,1051.4229087398476
2521.60346,-1738.9850363061717,1065.6138073440768
2521.61041,-67.44559121502726,1080.2266319201576
2521.61735,-439.7073061274473,1072.0043186150303
2521.6243,-2983.707302377521,1092.8931300150834
2521.63124,-575.9521628078795,1061.4156380329787
2521.63819,1088.3279404855218,1072.121317355619
2521.64513,-756.1627426020887,1092.709678817604
2521.65208,-152.06442959600017,1070.8554216165594
2521.65902,-306.3941339015278,1102.361191239894
2521.66597,-1034.7208377708957,1080.7772211596052
2521.67291,-1315.4697431939915,1079.1119037381727
2521.67986,654.9463427012093,1133.3664466134592
2521.6868,747.2291287965237,1132.3103945370265
2521.69375,-66.12196195845637,1095.6081370436718
2521.70069,-1113.7917207660619,1129.6120006226604
2521.70764,-3827.4907906241497,1128.92638564634
2521.71458,16336.906588517719,1085.559795056122
2521.72153,-629.6802702622686,1090.9883952312375
2521.72847,2706.758794112223,1079.5212225949758
2521.73542,-1672.6317868071553,1081.6094085763011
2521.74236,-2696.592510796043,1065.9830662091376
2521.74931,-2685.0565292327888,1065.9738759757379
2521.75625,-3477.9707795533736,1069.109159447106
2521.7632,2.963614624401591,1075.7691330742798
2521.77014,-139.96925767742403,1073.066144043214
2521.77709,-2680.2354270500964,1112.9885179316268
2521.78403,-219.1392302404,1101.5913324574092
2521.79098,2240.2964799115734,1065.052731812673
2521.79792,-90.18281776347665,1110.2508887900542
2521.80487,-3962.9230185897372,1107.9259953869337
2521.81181,-1553.5467454130844,1123.906515210502
2521.81876,-86.17222347253693,1104.5047542686277
2521.8257,1357.6505580286341,1052.4529218216478
2521.83265,-2598.0829881018985,1046.2433874545657
2521.83959,-813.295360237056,1069.3607126305474
2521.84654,621.6179612771008,1063.3584298089797
2521.85348,-1328.9286043608809,1073.6863669741906
2521.86043,989.7115518722293,1125.9680730796688
2521.86738,-1280.3583386668306,1084.7909966851835
2521.87432,-3013.016370571311,1124.0931476426194
2521.88126,37.56649290344422,1117.5813959848927
2521.88821,-3825.0981487055824,1088.6196714842106
2521.89515,967.6379073046422,1097.9932382579111
2521.9021,1120.9530334075412,1095.8222223524833
2521.90904,371.55748382228967,1107.055161860557
2521.91599,178.1023638170129,1098.8760897818106
2521.92293,-1853.6022103859138,1098.4933990371655
2521.92988,985.3665744737458,1098.580706254463
2521.93683,1040.1631054726056,1104.8793151914192
2521.94377,1268.3549512587467,1111.2281169415585
2521.95072,-3552.794596482815,1097.4881288914416
2521.95766,-1257.1374466298444,1098.1713873976598
2521.96461,-2185.2573503156623,1095.350574861469
2521.97155,1806.112386233857,1112.4916562105159
2521.9785,-4168.765748453309,1107.8397485811824
2521.98544,-2991.789994829075,1106.1146946426516
2521.99238,895.1788081230537,1082.7664353966256
2521.99933,479.6292087218393,1058.9861173573072
2522.00628,2569.09604937112,1110.8153812031067
2522.01322,-170.0406439493706,1115.6199880950817
2522.02017,-433.25116716413925,1112.4717440381498
2522.02711,-1146.333630293463,1108.1040267031772
2522.03406,2040.9378131820238,1106.719600517962
2522.041,1723.4579013303232,1112.5868576026567
2522.04795,-93.49165525789361,1116.3223340091301
2522.05489,697.7426675266238,1118.5910256003062
2522.06184,3270.670690754914,1119.488369415336
2522.06878,-367.42647390911253,1131.5377079904185
2522.07573,-2396.450445546947,1123.4890665318453
2522.08267,152.60688901359427,1100.6454453582683
2522.08962,-13.665052300857669,1106.4480173386494
2522.09656,-3195.366625218584,1096.5289277362215
2522.10351,-1082.7994259780605,1113.985658255497
2522.11045,1789.5757394661002,1112.0994217619557
2522.1174,8.760884547052202,1101.8959062181566
2522.12434,-4488.121410506596,1139.2900233336034
2522.13129,-29.6381492436031,1137.306346801324
2522.13823,156.68311099688842,1134.900744297193
2522.14518,3866.790231640968,1162.572890534285
2522.15212,-525.3535654731076,1152.27865089154
2522.15907,397.1770267766045,1146.8481655403427
2522.16601,1611.3460084400472,1151.5608700983205
2522.17296,-658.1371210434914,1154.7775696117299
2522.1799,-601.0782609227322,1153.59650679636
2522.18685,-184.15825633341225,1147.8969125594576
2522.19379,275.3959479382703,1157.5002351681514
2522.20074,2724.2483973894277,1155.936952902157
2522.20768,839.8685666418501,1137.72308853895
2522.21463,-2035.8170858257993,1169.4289224739864
2522.22157,1130.7640788557699,1143.454612945741
2522.22852,-3624.886321975425,1146.1055239875418
2522.23546,2197.359945115061,1152.7041115685454
2522.24241,1910.2988810519196,1139.4137380139844
2522.24935,984.9451197959146,1138.7618205601293
2522.2563,-289.1593828659071,1135.0858450237438
2522.26324,-710.2301917172651,1150.4186890396415
2522.27019,-2998.462457747793,1143.3438588509239
2522.27713,-2246.434966705065,1155.3516057286975
2522.28408,601.2320205969199,1134.3276507682663
2522.29102,-1591.052087917369,1167.3265976720465
2522.29797,404.82129796559,1142.4785630292881
2522.30491,-1446.6246244530364,1147.706274128166
2522.31186,156.6733316459631,1160.0502892895654
2522.3188,95.43833520956392,1131.684633901309
2522.32575,-1353.7766390036393,1150.0233911799482
2522.33269,-1892.0151473501737,1157.8198903375549
2522.33964,363.95162309597487,1136.1510873335762
2522.34658,657.2823115138117,1150.6641154008164
2522.35353,-332.08731654654565,1146.4786710282717
2522.36047,-818.7194831189768,1137.4820216474648
2522.36742,-3209.428389261197,1138.9283051728705
2522.37436,119.57883970404843,1154.7217212703008
2522.38131,871.1113542017465,1139.4892628807693
2522.38825,-1593.2945048669023,1142.8901205326886
2522.3952,-796.5635977448127,1146.8467516582812
2522.40214,-456.70205068312896,1147.060012202557
2522.40909,1481.1717722141552,1151.3563284934241
2522.41603,-3016.539882492065,1142.3648633468426
2522.42298,-872.619730714353,1144.3636212877782
2522.42992,273.3896492930069,1147.0039282141174
2522.43687,-901.0526633240355,1142.7877319067352
2522.44381,1370.4735257383657,1132.1878580916966
2522.45076,628.6660455301552,1111.287146517626
2522.4577,-2968.2673567954644,1136.5772549516123
2522.46465,1702.6856173768385,1145.5136965213003
2522.47159,-3113.3024360757254,1143.9343902586088
2522.47854,587.2490804792357,1147.313332738575
2522.48548,2741.4652392522703,1144.3262712366536
2522.49243,1197.2359766244465,1135.767336177385
2522.49937,-923.055849435558,1140.7704756754952
2522.50632,3164.6628801946335,1142.0301267687835
2522.51326,1401.5984897931373,1139.901998619221
2522.52021,-1070.8819319052125,1147.7717839970153
2522.52715,190.84108772058013,1150.1517009770291
2522.5341,-1495.8034485510557,1148.0556208208607
2522.54104,-1037.6825672192153,1133.4842701185837
2522.54799,-1234.9207643270358,1165.4185638300569
2522.55493,4690.6787497532705,1168.0281188215588
2522.56188,-593.7264276734662,1164.0647717561742
2522.56882,-2071.911256209205,1152.8776655915942
2522.57577,-2493.0949399784727,1148.896880647451
2522.58271,-1096.2343689734096,1146.9007148236283
2522.58966,1029.917526937477,1157.974946070299
2522.5966,-701.3519549591086,1157.1523023575182
2522.60355,-421.5541208693795,1182.847252355113
2522.61049,10.99163696957817,1202.0918367411507
2522.61744,-1322.5509358519857,1189.2079542792699
2522.62438,-2181.716282692644,1172.7032376814018
2522.63133,-939.0572240195334,1201.739662284333
2522.63827,-1160.563999771909,1159.1425770060846
2522.64522,-2264.28758420156,1200.1945248381278
2522.65216,-3073.7778343406135,1147.4866511146136
2522.65911,-30.923132390493077,1177.8623755002973
2522.66605,-1200.3937643852937,1141.9306837304582
2522.673,1113.9900177251866,1163.3355620829575
2522.67994,-1190.134989617591,1139.9831790142518
2522.68689,-1205.380997710212,1158.5765528874656
2522.69383,-2854.945652154569,1175.4035167718498
2522.70078,-666.8554713051936,1159.975353540306
2522.70772,-68.84132845673447,1176.4038383303584
2522.71467,-1062.9200085464108,1168.027411880528
2522.72161,1028.3237283836552,1167.561537741265
2522.72856,-750.2396371759648,1163.150932650427
2522.7355,-4020.120085682008,1167.6434250773266
2522.74245,-2031.818273885372,1179.4105763576358
2522.74939,-3173.492455845174,1168.4500447934104
2522.75634,-3857.096656227349,1168.1409937394683
2522.76328,-284.1088783187368,1179.4086911815536
2522.77023,-1173.4317404135877,1160.5286527203716
2522.77717,-3684.0747241278077,1186.7423796110304
2522.78412,-1603.771606589601,1187.9492457740228
2522.79106,-856.9675849995673,1187.0566148991982
2522.79801,2770.4194230486237,1198.5672644088504
2522.80495,-2446.4018383680686,1171.678291010322
2522.8119,-2591.8722754997652,1169.383089130493
2522.81884,1949.4176986353818,1126.653216761969
2522.82579,-148.4121365841447,1151.457303237316
2522.83273,-883.9886385473405,1170.1054650404124
2522.83968,1849.3203863861768,1137.942240258482
2522.84662,-1724.6232936195115,1176.801021366134
2522.85357,411.03990474256653,1144.5375287813422
2522.86051,-988.8787753380078,1143.275992511972
2522.86746,-3400.0835514906908,1148.4883865551835
2522.8744,131.54028194430805,1163.301275442966
2522.88135,-381.6978459673419,1156.5066295494348
2522.88829,-63.937867643959805,1165.0282145575788
2522.89524,-1444.3836213855645,1158.5481574227306
2522.90218,1795.3115055190758,1200.2493127680107
2522.90913,-3209.3883292694545,1182.4771687255163
2522.91607,-1295.922352399783,1166.6725593950991
2522.92302,-416.7643597390502,1150.4869088491087
2522.92996,2002.915225490242,1149.669802841069
2522.93691,1685.2185183891118,1163.0459519073609
2522.94385,738.1964254231486,1145.7500504725804
2522.9508,-1557.1118490311476,1145.3395533807259
2522.95774,-781.6724740496273,1133.8398614570501
2522.96469,-4191.527128820309,1149.1685816502686
2522.97163,-1670.8109423589583,1153.186598822031
2522.97858,405.78803982513824,1148.2588663672007
2522.98552,-265.5162113865539,1156.183557498383
2522.99247,-2418.9543815552493,1164.6922997444683
2522.99941,-1004.9078384456876,1160.3820802799967
2523.00636,-1734.1164512509138,1169.5374379222062
2523.0133,1635.6871663637596,1151.3418362022935
2523.02025,-1329.473066778062,1149.8519579799918
2523.02719,2521.7404261914,1158.4415271505927
2523.03414,-2570.4146122169705,1143.7212475378383
2523.04108,-2081.8799495072903,1163.7790497562469
2523.04803,-3860.974581251518,1158.6474826375506
2523.05497,-2205.875756771454,1170.568982709573
2523.06192,1880.7407339682961,1160.8391176563753
2523.06886,329.98746603821326,1160.2299701348807
2523.07581,-1399.350181668348,1174.7878889575732
2523.08275,633.6504510909505,1152.494974846949
2523.0897,2049.9031215104674,1158.2633780108442
2523.09664,-3516.689586336938,1146.2463230761657
2523.10359,-2550.8385903110166,1152.6351848180475
2523.11053,-405.864389456459,1151.9366092561631
2523.11748,400.1539554570852,1154.2233278436233
2523.12442,366.4758738697664,1163.6454379014353
2523.13137,-56.33047521207839,1158.5480395992254
2523.13831,609.1213646765647,1149.5729519198567
2523.14526,64.16915518451958,1155.791323049823
2523.1522,-1271.2942942410925,1142.5335866061812
2523.15915,831.7631342538067,1148.7728124965547
2523.16609,-497.0772203017357,1160.9988863293245
2523.17304,-687.8520912124359,1148.9493121072314
2523.17998,-2233.032307350121,1157.554551804014
2523.18693,-2267.1538766107287,1154.4109028637818
2523.19387,-3352.525743176177,1152.2944392412269
2523.20082,-394.48629139007176,1141.383511372659
2523.20776,3278.960634751983,1180.1225837991042
2523.21471,-1023.3586458777003,1164.2512863647867
2523.22165,-2432.5364861084995,1146.4305990381808
2523.2286,-4001.7660113477023,1135.3094740364704
2523.23554,117.242753067941,1149.5323028105884
2523.24249,-173.86024633850317,1165.2256867521678
2523.24943,1564.9140037170002,1173.12645971181
2523.25638,-1747.4064713349596,1175.1934374622124
2523.26332,-1978.4981892292299,1165.8895043800405
2523.27027,-2172.9520990874485,1159.2343615165769
2523.27721,-2867.907769423852,1154.7768626706993
2523.28416,-2699.5005127260256,1162.5323592485222
2523.2911,-3005.6944644923465,1161.517309751873
2523.29805,-1446.9215396859508,1148.2635793074057
2523.30499,-1606.409439222333,1167.7636050525539
2523.31194,-218.31045970535286,1165.9180176682805
2523.31888,-2341.211369462839,1155.322032028911
2523.32583,-1407.3382618452872,1167.9438750153947
2523.33277,-3345.8191114409738,1163.199122464023
2523.33972,-3440.189023106067,1162.7513931445492
2523.34667,-2667.0164545396406,1173.2399237472448
2523.35361,-5358.698788583117,1187.9422941872203
2523.36055,-1337.1768388371356,1176.1270709168207
2523.3675,451.0616038457993,1176.0378785234411
2523.37444,654.9437505840967,1184.520581774894
2523.38139,-3948.534412143909,1167.7826924603842
2523.38833,-2018.8931531966973,1175.2831011496123
2523.39528,-141.29041264038725,1181.7311102910667
2523.40222,-13.325956253108743,1174.1979466674138
2523.40917,-558.5594104518865,1152.4040151009929
2523.41611,-3649.461477380314,1152.754657852244
2523.42306,-964.4486606679268,1149.096238018122
2523.43,-741.345965538637,1157.4493354139377
2523.43695,-3601.8297937280877,1141.7994283457492
2523.4439,-661.705288072688,1152.0911936948867
2523.45084,-1448.0625425095784,1148.3051710047148
2523.45779,-3357.0389725399787,1153.6018088540907
2523.46473,1410.5478919483892,1147.1283498355292
2523.47167,-832.2175795130727,1165.1573491191955
2523.47862,-360.42339823501567,1152.5761552419801
2523.48556,-2638.1322579053303,1164.174229792435
2523.49251,-2917.033455121061,1177.8742756743147
2523.49945,-1986.3848233682565,1183.6836814179933
2523.5064,-2790.2942453635737,1187.7409338169623
2523.51334,-1889.3420854894096,1157.7904344612737
2523.52029,-1679.8911286048983,1177.230134571798
2523.52723,-3030.242049197037,1179.0759576030816
2523.53418,-4879.353063214607,1174.1173553899084
2523.54112,-2090.6619244617605,1165.5057532238493
2523.54807,1402.689771097602,1164.4200096241252
2523.55502,-4206.354981293242,1163.2222158710274
2523.56196,-288.6192799184155,1151.7482094714687
2523.56891,-4699.805004989715,1143.7535311782424
2523.57585,1087.44779890224,1175.0384995529735
2523.5828,-249.7506016363331,1150.6440854049451
2523.58974,-604.4667471066134,1149.0903468428658
2523.59668,3488.6072964785058,1120.5636267231039
2523.60363,636.2962957220308,1096.2644139672163
2523.61057,-2754.5703942567748,1142.6270206457452
2523.61752,852.0452724259726,1170.1689719096746
2523.62446,-757.3507570042611,1202.0289189894143
2523.63141,-3048.5028073152835,1165.185980230941
2523.63835,-804.1337579490746,1191.0097113196368
2523.6453,-928.0886804569595,1170.9615706286486
2523.65225,1551.4792963686614,1175.7482683478447
2523.65919,-2303.4640174790284,1170.336634757467
2523.66614,-137.6837173250151,1170.2292975442986
2523.67308,-4152.450845522197,1199.6071746650812
2523.68003,-1977.6161624698661,1194.4441486705168
2523.68697,-1267.28570294974,1202.4580321950784
2523.69392,-3320.49365595545,1198.8864482842332
2523.70086,736.1505380801633,1192.398732621552
2523.7078,-3150.055122029273,1197.4983695703593
2523.71475,-770.3739068491992,1145.185440236023
2523.72169,-1171.9129954325304,1175.7992859255635
2523.72864,-2435.1086910488766,1193.944577008788
2523.73558,-906.1052886942981,1165.047066318399
2523.74253,2759.30418922217,1183.7405901709685
2523.74947,-1200.9630875620562,1143.81256075431
2523.75642,-2375.198619927605,1195.2441702703136
2523.76337,-925.91601502246,1195.8593267905696
2523.77031,-3303.2573732142623,1196.4119190296044
2523.77726,-1278.8579741525725,1181.9350627784377
2523.7842,542.4021553706311,1187.597071317205
2523.79115,2315.6773663732447,1208.5166346520957
2523.79809,2382.783743717018,1203.3327538971241
2523.80504,-452.81576019009583,1202.7838141867483
2523.81198,2105.869168621195,1181.5014722795786
2523.81893,-1908.3067212272715,1193.6017106088752
2523.82587,-1937.7213592816527,1178.3897535092353
2523.83281,-4458.954673106996,1170.6470996934706
2523.83976,-713.8705845551029,1175.6946586530128
2523.8467,-443.09202195916447,1175.976492477271
2523.85365,-1178.680306272873,1196.4619940192824
2523.86059,-281.8367698459121,1175.3020707339374
2523.86754,-1134.9742661643907,1183.8923468455691
2523.87448,-2628.2737295845363,1163.560133683725
2523.88143,2062.083361999744,1155.7897913442562
2523.88838,-3332.7275061395576,1184.416779266879
2523.89532,-5134.162299219964,1172.7735783139613
2523.90227,-377.3311890439154,1191.0912451851832
2523.90921,-3289.2850372120392,1187.7636737534515
2523.91616,-2902.8145145226113,1181.5295142737984
2523.9231,-4350.279927508218,1185.7316895840709
2523.93005,-2065.505192235575,1211.3561811256009
2523.93699,2838.4924244284402,1197.4649076949038
2523.94394,-2382.8487822918464,1201.8763375502779
2523.95088,226.60193540798826,1215.1410255807218
2523.95782,-3592.649221855781,1182.6222094603247
2523.96477,-2363.411085180909,1192.5098401868845
2523.97171,-1428.6831680336777,1179.0204627321677
2523.97866,-4569.719843333696,1187.036702726832
2523.9856,99.47744278874374,1184.45542537656
2523.99255,-3955.6285653874666,1192.2781991758095
2523.9995,-3390.7928146410923,1196.3309742815838
2524.00644,2999.2292531191442,1197.3275254879284
2524.01339,-3613.3273648286713,1180.913061694986
2524.02033,2344.4828569061315,1191.845079970971
2524.02728,-2621.29433643497,1205.6919339402361
2524.03422,-936.3352654041424,1197.8084810358473
2524.04117,2934.296365974406,1203.9358924198575
2524.04811,2135.203097574566,1200.568732290404
2524.05506,-283.3910975255171,1197.6679175942336
2524.062,-1289.3957549804106,1196.8440956464017
2524.06894,-1277.4861550824057,1189.5430443278447
2524.07589,-785.5129311991669,1200.524430652477
2524.08283,114.36479613176502,1196.3977802089894
2524.08978,-4345.663013459906,1205.7037162907486
2524.09672,2672.764474237149,1206.830226823246
2524.10367,-898.3626348785335,1189.1763775798966
2524.11061,-1036.2306281655635,1183.589893907914
2524.11756,-523.9586529959362,1203.0757808324472
2524.1245,-4670.925285648599,1193.1384285867248
2524.13145,322.449118180335,1204.2732211150294
2524.1384,2530.1639820432797,1222.6184586864506
2524.14534,-4051.8318107923,1215.8094383252942
2524.15229,-4279.120892882176,1221.9043304218899
2524.15923,-1636.16953579374,1214.655592739608
2524.16618,1478.5871958057396,1208.3882070315096
2524.17312,-2917.6030139448335,1202.5749131121622
2524.18007,2884.024728866355,1217.7237168130553
2524.18701,-860.9577958241205,1207.411567997531
2524.19395,657.1656662437382,1214.0872121508862
2524.2009,-850.3948007661859,1210.1266928496245
2524.20784,-2953.0392578756228,1201.0642979529584
2524.21479,-1095.4140817307314,1216.6199462170468
2524.22173,1274.5185344588301,1205.075834831939
2524.22868,-200.9497553427539,1222.7362821915751
2524.23562,-1007.0523440624623,1214.0320707504882
2524.24257,918.750107264281,1207.119483528327
2524.24951,-3871.6245300562346,1198.9889547336918
2524.25646,1702.2896125761145,1230.1788395397873
2524.26341,185.73284965589883,1219.3177510138871
2524.27035,858.9338236530883,1233.0103740149439
2524.2773,-4175.691296261034,1215.7934143285972
2524.28424,-5531.319178177192,1205.5684549068653
2524.29119,-2158.18575048419,1196.3949524448662
2524.29813,-2798.171689269201,1206.9584187968217
2524.30507,-1883.3270777292885,1195.4329235255234
2524.31202,-3870.1117940739387,1215.4560856334251
2524.31896,-2342.7772438459456,1214.573469756536
2524.32591,-3876.2533442785634,1226.65709497161
2524.33285,933.0333794965279,1215.1041468236176
2524.3398,-6464.4251369528765,1214.1722807215863
2524.34674,-3610.380245494987,1176.7173666774954
2524.35369,-3524.1385061544265,1196.3656143920903
2524.36063,-4374.89078343516,1212.4030429686338
2524.36758,-1961.7403877423537,1193.344737544198
2524.37452,1027.4753991467571,1197.4559531085144
2524.38147,2182.6417863253987,1220.390769675058
2524.38841,-963.1265631169226,1205.9053123080168
2524.39536,-3344.564644581911,1211.2367080914044
2524.40231,-335.57171106359846,1212.0387326907883
2524.40925,-151.70365402330833,1217.6497236518367
2524.4162,272.023485751086,1208.816377649133
2524.42314,1267.7129309793222,1205.8130565035042
2524.43008,-586.760819873999,1219.3012557231698
2524.43703,795.864786535918,1214.08615173934
