relative_time,cts,e_cts
2174.2589,-1156.0252943225373,780.3189532531164
2174.26585,660.1328922932738,763.633548582935
2174.27279,-535.2809372213829,784.0141333635643
2174.27974,1626.0339116245264,789.3894649738702
2174.28668,2242.892360159526,784.6280370473157
2174.29363,2282.226627622695,783.5619022889776
2174.30057,880.6681242417519,779.9097971883841
2174.30752,-790.8988992430719,780.4888790793924
2174.31446,1729.6702372365637,795.511995377162
2174.32141,-798.6753517438958,783.719843991777
2174.32835,391.31362685778777,784.8139040189708
2174.3353,3058.3292044519026,787.4688396001005
2174.34224,2059.5309747731476,757.987217501183
2174.34919,573.2068440605203,753.2955462178835
2174.35613,1538.5231286123326,753.2165188375994
2174.36307,2097.439922946988,754.9139681760605
2174.37002,2166.3355182359705,763.193866920668
2174.37696,1335.6779326662304,754.6644496806574
2174.38391,1621.0584653419237,764.3206006430008
2174.39085,884.6177973894232,766.8879164534294
2174.3978,-33.609813463282116,761.0004331511541
2174.40474,1844.4644601518778,761.7671909381157
2174.41169,1175.6154922425578,767.5750815712639
2174.41863,1794.3335149562579,768.0140848869188
2174.42558,-590.4367349445042,767.2521885840089
2174.43252,1932.6868287599343,775.4934215717393
2174.43947,3679.2885974290234,798.9852430877563
2174.44641,-358.90505218637657,760.8928021554024
2174.45336,1157.0180545890237,776.331857984023
2174.4603,1819.9875662976424,770.4556804586124
2174.46724,-495.5887288626787,777.0752128128748
2174.47419,1473.9368432330866,778.751520348599
2174.48113,-442.21438240012304,779.573563384429
2174.48808,992.6151003114684,786.1873297924906
2174.49502,2739.3052801556387,788.0005502860458
2174.50197,794.2924412267703,789.4580910394387
2174.50891,-554.0867403425328,767.5186657447092
2174.51586,118.17148458032777,790.6003136760761
2174.5228,-294.830579325794,776.4835815095469
2174.52975,-747.5501765307969,796.0376009436004
2174.53669,391.54562139905084,802.6889025308525
2174.54363,1872.261182324654,792.2694985723755
2174.55058,-125.83567071688553,795.0769490834095
2174.55752,-1167.8494410564495,805.9985556502152
2174.56447,1519.570576507479,802.8123616142149
2174.57141,-312.45402430243695,788.0095949075376
2174.57836,2418.132806024014,798.051046745429
2174.5853,1633.2986646644556,800.333117805562
2174.59225,4033.0437551957752,806.7592083176701
2174.59919,406.15042395282757,816.1205046193829
2174.60614,435.33221684929424,805.8443448537812
2174.61308,-1780.3105076799366,802.3441893942488
2174.62003,574.7418293854363,800.4834846378619
2174.62697,1831.8134088980842,809.6204743265799
2174.63392,2799.935108921095,794.0452969445088
2174.64086,-399.5371097758406,785.9691282990025
2174.64781,1852.3001549234727,797.9109681700756
2174.65475,2506.8755795411507,798.4655165252875
2174.66169,328.14621647505754,797.5418345554442
2174.66864,399.0507352551226,811.2827626989919
2174.67558,1742.5833563980805,808.0139234341108
2174.68253,4860.293440445199,801.1622834808167
2174.68947,1804.0484559582978,805.2207182019262
2174.69642,6.702177583143287,812.1579428860857
2174.70336,-32.6632938241722,798.9357237850892
2174.71031,650.5669614303102,805.1182878635323
2174.71725,-1720.9630931842405,805.3518652135563
2174.7242,967.2142983718524,810.9872296917496
2174.73114,-1110.9710951702275,806.0810878213273
2174.73809,-472.3092298361801,802.7833057676726
2174.74503,-832.4661706947812,800.1943959234325
2174.75198,-292.2988767124892,815.7306814330892
2174.75892,1005.4444436664178,816.7702476157954
2174.76586,2518.1645107982895,802.174263567973
2174.77281,1587.0036565012483,799.4726351283921
2174.77975,864.2374387243312,803.6668522296462
2174.7867,-1905.9856363653441,803.6359874588057
2174.79364,-1290.9951282839245,802.287547452157
2174.80059,382.26267413101,798.2498023027098
2174.80753,-2008.92032546516,806.5839687762676
2174.81448,-1136.4518289522766,811.2567594122031
2174.82142,-1641.8485453605913,805.7179462684342
2174.82837,1369.0799459507396,804.1496089017676
2174.83531,2205.8900222324633,795.0580684360457
2174.84225,971.0895795077543,809.3480051041415
2174.8492,1793.494852428437,806.9919942633135
2174.85614,2775.6094863613084,803.7393222593488
2174.86309,-1513.3850729270514,777.5877036781502
2174.87003,1900.784413718754,775.1731289131634
2174.87698,1704.5395303062444,798.6711686064559
2174.88392,-1572.2005506212652,796.2779617597431
2174.89087,-227.27064851560337,800.0977315312396
2174.89781,1160.4496970407563,779.2594889031285
2174.90476,1704.1683616517776,777.4321361884923
2174.9117,-1537.8182134248204,776.8888936101451
2174.91865,55.26512458540262,771.4012956355731
2174.92559,2253.8000606207884,766.3713555084828
2174.93254,-284.89110559522203,767.4267497787994
2174.93948,1869.1872546529198,774.306767232024
2174.94642,2779.198844400303,792.1202623177619
2174.95337,1446.6660658000546,763.3828995098453
2174.96031,-57.95115105291017,762.8445184155498
2174.96726,-1116.1786490518618,762.483185786955
2174.9742,1679.31238509927,743.475574548771
2174.98115,-875.8710831180736,738.5165216426221
2174.98809,-280.51938779719256,768.8385021358904
2174.99504,349.6313756553647,742.7739380365498
2175.00198,1854.571485495584,740.3521275743694
2175.00893,504.7398507724775,738.1018257472261
2175.01587,598.6506079522221,738.400072140916
2175.02282,347.9405967252539,732.8170534096062
2175.02976,1060.8666054924709,746.4752232665044
2175.03671,-536.8774259724426,748.7302735199308
2175.04365,932.6983268928674,745.0861955209114
2175.05059,709.359488397489,733.207441884743
2175.05754,1042.8474583255645,737.0732261680787
2175.06448,734.442937180514,743.2168983741075
2175.07143,-757.0423937286026,747.3259829755707
2175.07837,944.6236603297181,741.8574917638998
2175.08532,1361.1680502430772,751.8393621577143
2175.09226,944.2914966054341,734.5726144411516
2175.09921,308.3303552488183,735.952258391947
2175.10615,2476.2334194470754,734.9293117012319
2175.1131,926.0174041702296,739.0371526672401
2175.12004,1140.2689983950943,738.1090614444195
2175.12699,110.21210460983355,735.4195301860838
2175.13393,-34.44926739548365,741.8671016742347
2175.14087,1209.9431094789777,742.1693050898274
2175.14782,-2609.564141878623,725.0174240662096
2175.15476,2315.614056455049,742.1315437950993
2175.16171,-1873.7269762951585,746.9605802673046
2175.16865,-437.74984417403465,751.06446421141
2175.1756,-827.3371919623563,744.7148007509071
2175.18254,2121.3891761949494,751.084023205386
2175.18949,-184.83611092060542,741.7287189654112
2175.19643,2720.5666333490653,740.7264618463586
2175.20338,2168.9343771638514,740.0406534217478
2175.21032,-465.7426085176442,742.9157124784326
2175.21727,2548.883550175045,741.5124394539902
2175.22421,-114.70287223824785,749.026824047091
2175.23115,549.679296289611,760.2383107327069
2175.2381,1409.104318033728,748.1996934116721
2175.24504,1344.0682888508056,747.5364965407907
2175.25199,1496.8203008960159,732.4604692072945
2175.25893,-468.39901384976633,757.365512831395
2175.26588,1536.2779143847781,766.8476678877911
2175.27282,1399.849635207849,769.5566450823341
2175.27977,2639.314163120308,763.2691633945867
2175.28671,87.34843205641737,762.5226429482127
2175.29366,679.1955626647888,751.2532706850501
2175.3006,1250.5691750067033,759.6909980746883
2175.30755,1628.0255372770062,742.8234573392169
2175.31449,24.06445911421239,755.1625822093146
2175.32144,-787.1719498996343,771.56195072482
2175.32838,827.1616132476482,751.388940007426
2175.33532,-1352.0951643091819,732.5681002030462
2175.34227,-228.7983981433258,749.9853278096775
2175.34921,1202.81775666779,756.3468623358884
2175.35616,884.300105059526,746.9078953471152
2175.3631,-1099.0855580679404,771.092874042705
2175.37005,1419.4478602294432,741.7040723718463
2175.37699,737.7394755987136,767.9387884130001
2175.38394,1629.2435086186367,734.9164231156062
2175.39088,1888.8823701822444,755.2955381452431
2175.39783,783.3669906958309,761.3581479311521
2175.40477,1357.8432473827156,763.2027984843912
2175.41172,1795.7540858193033,761.0426036988592
2175.41866,568.7867375375101,754.2888717732131
2175.42561,1422.3967460090544,747.5454281045138
2175.43255,2370.944754546267,750.4541783762553
2175.43949,593.8847707726904,742.8919703470168
2175.44644,3628.1457852040153,809.4283891776493
2175.45338,383.2737497560171,763.1089605364145
2175.46033,3740.340923075911,822.5477257091775
2175.46727,1682.4585566851692,817.3973790584785
2175.47422,2243.4471346302753,813.3486673054725
2175.48116,716.0751198551014,818.051870481174
2175.48811,-262.43523241331445,750.1925626996069
2175.49505,1878.2759686744257,807.6692102975071
2175.502,-91.36831407841836,804.7985604937995
2175.50894,2996.4512179205876,802.9923495819003
2175.51588,2547.7201857356704,806.5507297922857
2175.52283,3029.4247422619264,815.7864189130321
2175.52977,2483.500772815683,810.8451160765607
2175.53672,1556.8875542046856,813.9839389074982
2175.54366,1215.9875169641346,828.3547118801764
2175.55061,493.26437419707173,826.510513558012
2175.55755,3354.191775089904,812.4194455049656
2175.5645,2234.8028506973196,818.843161803932
2175.57144,-177.99385476210892,813.6460092370133
2175.57839,-52.68164151405756,809.816290381876
2175.59228,509.3925171255939,805.6870814975937
2175.59922,2795.8984943493338,821.1293029437363
2175.60616,-997.0415380695229,792.1090695986658
2175.61311,881.9245352247221,798.5919151106345
2175.62005,1169.6334926456939,820.8376139006281
2175.627,650.431405165703,791.9395960034644
2175.63394,-379.9396761586268,795.0477801790988
2175.64089,1804.8588540439573,801.7505230510852
2175.64783,64.73733055815792,804.7024613904498
2175.65478,364.6657977299989,812.9098901053549
2175.66172,1916.0096773068638,790.9617593624395
2175.66867,1889.2229001814082,785.4572027225703
2175.67561,3619.0567320092036,794.6184998315473
2175.68256,3192.2288335752805,796.2294599769937
2175.6895,1983.660280447509,796.7999494775847
2175.69645,-221.72166017265616,808.1090050175426
2175.70339,984.0532354918561,803.2449206370569
2175.71033,2556.7155140402742,819.6601172401729
2175.71728,954.5796404945123,799.2292217524958
2175.72422,1787.1786540674534,803.4846031065878
2175.74506,1277.4977265740422,814.6863668240999
2175.752,3492.058488257325,817.3009407818229
2175.75895,3807.1542203819595,811.1356745419827
2175.76589,2864.642818343867,810.7129515450126
2175.77284,2574.0112045456103,820.5940874669631
2175.77978,1526.6582810817079,811.4783526387506
2175.78672,-210.2217631192228,806.9960643429847
2175.79367,1606.226416673167,818.5555428404949
2175.80061,2023.2146713862332,815.1635836655574
2175.80756,355.9690549923912,824.4147617006087
2175.8145,891.0987209193249,820.6432675963243
2175.82145,1194.0359944881598,814.9482086162857
2175.82839,740.9018144455295,813.074615274273
2175.83534,436.9574222735901,820.4073160331587
2175.84923,3558.3814540207513,810.1374875026011
2175.85617,1272.3247683696136,786.361890987281
2175.86312,2458.948243314223,824.5898881842423
2175.87006,2966.2824307038354,817.2428290887384
2175.87701,-2854.3587445344597,798.38761972269
2175.88395,830.4743189267641,791.5107678869877
2175.89784,844.2971008948119,795.1048743522654
2175.90478,1637.1602658103511,797.1248775046754
2175.91173,1805.9293980552725,816.877878611547
2175.91867,1068.6326566785792,801.7963114473871
2175.92562,141.670880966844,820.4498257541699
2175.93256,1624.3440371565646,815.4528984955243
2175.93951,1115.9277738632347,817.4190861500585
2175.94645,408.43690426593787,806.1548014864849
2175.96034,1757.747907964427,785.8007852814876
2175.97423,1682.7229988060337,797.0266303037214
2175.98117,2836.0240531352615,801.8038863178865
2175.98812,2081.260451791501,800.5434052552447
2175.99506,1273.8970627581828,806.1962936875782
2176.00201,3287.760160810806,800.5257682433358
2176.00895,-1860.1685233902065,822.6416767149229
2176.0159,1251.8202722745475,797.6392903520177
2176.02284,1020.9773374430154,792.9146062002733
2176.02979,634.8299983813058,792.4326409325326
2176.03673,812.9277532328009,794.3120002207463
2176.04368,4400.836278575466,812.2974561725958
2176.05062,317.8879198369019,803.4849422798937
2176.05757,981.9166697799712,787.1962573198934
2176.06451,1042.9591594009873,785.0815117573576
2176.07146,1521.6442820999966,801.8220886186386
2176.0784,2794.6558764141387,806.7960651502489
2176.08534,1865.4515998612965,811.1078623308956
2176.09923,630.1642173270262,805.0204928936529
2176.11312,5328.050964515664,799.0276397509988
2176.12007,679.234567594972,786.3831458477866
2176.12701,-477.4019170248693,797.530415720811
2176.13396,-619.8653329499266,799.8788516911396
2176.1409,-150.6986568510493,786.4275775508647
2176.14784,948.3035776413985,790.6843155981805
2176.15479,799.5466879668558,807.028964153661
2176.16173,1716.0996871503664,792.6589825853632
2176.16868,1347.7665215210068,799.3110755769961
2176.17562,737.3861700716926,798.214528278892
2176.18257,195.4016985739427,802.5668001407142
2176.18951,2090.1120836721543,795.306908584837
2176.19646,2437.402032938847,799.5075699789039
2176.2034,2384.2196585674533,795.2372649993506
2176.21035,2550.666358128834,804.1957364713754
2176.21729,278.2974634699796,793.3623149641143
2176.22424,1887.4296909129034,729.6535839851038
2176.23118,1953.9238261380617,791.8406704558986
2176.23813,3883.3704192485825,794.1081570638762
2176.24507,2406.278020634799,786.4030440150683
2176.25201,1503.5526649033877,796.0027791508572
2176.25896,-83.57806852981959,794.4393032682424
2176.2659,969.1993666737507,796.0694832343587
2176.27285,1328.6574974643465,795.0908551889531
2176.27979,413.8856103680955,787.6941637330134
2176.28674,1692.9913575855992,791.9703477165364
2176.29368,374.4702804848069,793.6443940968877
2176.30063,2924.5599309357744,782.8160601892155
2176.30757,-750.4451337547636,803.6639127276616
2176.31452,2465.1075174923253,738.1917066733002
2176.32146,-1571.2852349263017,752.3532097162135
2176.32841,1114.0746439773473,798.8879003489516
2176.33535,2826.734774632176,789.3280746054951
2176.34229,2920.0489259667725,784.3837192092702
2176.34924,44.01440685406651,732.0903180727454
2176.35618,238.6111341152449,785.4397918261988
2176.36313,841.8145784108684,785.8629670542433
2176.37007,1363.7198771392011,779.7550211031069
2176.37702,1586.5195431359032,792.2789954249417
2176.38396,554.801491555917,776.9190800343738
2176.39091,3115.4584255267514,780.256093133749
2176.39785,-709.9809669517399,769.756305101764
2176.4048,528.7967350161905,771.5722389817669
2176.41174,1633.5892231298772,766.8112632862869
2176.41869,2019.1938849020828,770.8622361946658
2176.42563,3691.0554238742316,766.6472164639806
2176.43258,165.5189475118667,763.2662238926019
2176.43952,-1427.070441107139,759.456855435821
2176.44646,861.1673550167309,774.3199949909555
2176.45341,578.726889614694,766.9144850290614
2176.46035,1251.6485375239731,774.0869829297746
2176.4673,1144.731840754653,771.2294478272302
2176.47424,1367.4288502974239,777.365997393834
2176.48119,308.8345928969825,784.3373655241251
2176.48813,1995.4206625999043,785.6282591265327
2176.49508,71.85194288132423,775.369397199534
2176.50202,184.52610651897623,779.5333148187908
2176.50896,1490.561761997042,776.560347734458
2176.51591,1324.5962362990208,778.893294790482
2176.52285,-1156.0444010854385,767.3009164822956
2176.5298,-3.143571257220668,783.154442090775
2176.53674,1895.4444691900344,776.2073813807431
2176.54369,1968.4496013115547,788.9321462996944
2176.55063,1419.6574693325142,774.3852293234647
2176.55758,3538.3366508130034,771.2907251378366
2176.56452,247.88752403270422,770.5750694623033
2176.57147,-1098.2845437770786,769.276035700553
2176.57841,2274.106253389648,771.8350982938705
2176.58536,2388.5429876405015,779.5540043904531
2176.5923,-1389.415872912754,772.6288768875387
2176.59925,2180.6533801729224,775.1456558753822
2176.60619,-3503.7410866648906,792.7460370672212
2176.61313,1808.306889872143,780.1633857634588
2176.62008,2255.759012578129,780.2188971278642
2176.62702,725.5812431584507,784.3283209026334
2176.63397,966.7290544288209,788.6230463602144
2176.64091,1655.953519519181,790.5732928693695
2176.64786,-330.3414591688699,774.5168285661694
2176.6548,103.50653529363083,782.9281004379444
2176.66175,3070.4275162747826,797.605599136961
2176.66869,-957.8294860542609,799.7798130858051
2176.67564,341.8163704554324,801.0644885109373
2176.68258,1790.2232997771082,777.4329275928729
2176.68953,2120.072392363522,782.9094459061178
2176.69647,-725.4996154494877,793.9883158291108
2176.70341,1543.3052461105492,772.4363395075334
2176.71036,1696.6512636722289,802.6823451802711
2176.7173,563.8281368624358,797.4319424043198
2176.72425,1025.311180888548,803.9149009740571
2176.73119,1870.6096344402636,794.206517322599
2176.73814,665.7211116819415,797.2772793768112
2176.74508,1196.122588666303,796.642799179166
2176.75203,-479.27268392266575,793.2638416476228
2176.75897,86.38201425002562,781.4043078321246
2176.76592,469.69714314936743,803.6053488035025
2176.77286,3996.566118373002,795.2251678181054
2176.77981,2775.9649399859336,801.9423820844787
2176.78675,1960.1283234236228,775.7788924375722
2176.79369,1182.3895745665604,806.8343917338201
2176.80064,915.1134346153328,800.8522790791875
2176.80758,916.4506819028855,793.7195775130377
2176.81453,1418.755833627557,792.6150031133596
2176.82147,2145.2216407678993,801.9431734888592
2176.82842,625.3300932552321,797.4823661691361
2176.83536,988.2170400533442,801.450128559791
2176.84231,3167.954313126923,799.614409570275
2176.84925,3313.362996982994,800.7029297668053
2176.8562,2196.2745720668327,801.5500716272746
2176.86314,-1468.4534283959542,801.1585525744513
2176.87008,142.68568749821654,802.5516503997155
2176.87703,-319.2780781601814,804.6192508727258
2176.88397,-198.264434333845,808.3638372280723
2176.89092,-1150.4226035394831,803.9197624581088
2176.89786,3113.3127021356063,800.9578750351035
2176.90481,-838.4725907696728,792.2351290107068
2176.91175,-327.508683717659,803.7414703569531
2176.9187,1007.3347695581901,794.1701127210946
2176.92564,1471.1719024430636,801.6783921946886
2176.93259,718.3095935946341,687.7801520958992
2176.93953,116.29156000327086,802.0480910981632
2176.94648,751.1745824780719,811.0019272016737
2176.95342,-501.4489652427102,801.5343565974329
2176.96036,1995.0600083179215,801.0081857421512
2176.96731,3508.013878915355,803.6510241420357
2176.97425,3258.980966628491,799.0200648804995
2176.9812,410.0653883655245,803.7336693709165
2176.98814,2446.4285651875966,778.5770722115772
2176.99509,432.88609896685495,704.0289276635672
2177.00203,-337.4037257451528,707.2633973667798
2177.00898,1986.5916422729802,805.810766696493
2177.01592,3230.9990558306718,804.3612530446742
2177.02287,1510.4699914202656,705.4700750405063
2177.02981,2879.720541543893,796.0715182741943
2177.03676,-216.1234917003476,803.0887878585559
2177.0437,818.51167642626,800.7802612805596
2177.05064,2105.957356063522,811.3396307566212
2177.05759,912.0029892843255,804.6980521374725
2177.06453,745.8365599314194,795.7334755459408
2177.07148,1143.6371023808472,808.8038580636451
2177.07842,-1170.6990621151888,708.1172096355994
2177.08537,-2473.5726048619754,806.1006468153032
2177.09231,725.0027265562857,795.9292916012369
2177.09926,-548.4337388524306,697.0030656887886
2177.1062,215.4626690426078,808.4266973474397
2177.11315,1794.8073400646563,804.304384987045
2177.12009,2218.620553097616,808.3954934032932
2177.12704,549.1784503745063,798.9560741834455
2177.13398,-493.81236520170216,804.7116190697102
2177.14092,190.7534414738035,806.8819890544204
2177.14787,-940.5761922121671,807.2676291032741
2177.15481,-281.86420995524475,694.1684813132792
2177.16176,-421.63843379527225,787.876638971609
2177.1687,-1543.0734776848237,797.6996632004751
2177.17565,117.42485107618508,792.6205429440233
2177.18259,-303.6359705790713,779.4247793608899
2177.18954,754.5868920513657,692.3857864172585
2177.19648,1675.351293116965,696.9469890355398
2177.20343,1118.2829932996822,792.712798083239
2177.21037,440.8497751325577,769.1483934797509
2177.21731,-918.7216733016911,770.384454064365
2177.22426,-796.4301375163416,763.1802999884305
2177.2312,-255.37658368562825,685.6034508761447
2177.23815,-303.02240606862586,775.3638573688702
2177.24509,1639.091631672142,766.6119424401629
2177.25204,860.0493267425838,770.3262293135119
2177.25898,2366.047770355105,770.0457329894996
2177.26593,1743.6977668236307,768.4825962801906
2177.27287,-550.2488813280529,696.9978650314308
2177.27982,270.1453200039428,688.7472482489027
2177.28676,95.27615585169052,681.0155666244628
2177.29371,657.3177538539717,771.7583320689594
2177.30065,-288.1808605473028,688.4060399031272
2177.30759,-1244.1760973630403,771.8427862221384
2177.31454,-395.2751710711671,681.489730906167
2177.32148,2275.424959203143,687.5543757319118
2177.32843,-532.2057659141935,770.1431887860729
2177.33537,1164.5536940426302,692.2777031904324
2177.34232,1382.3104182688478,689.0241267243184
2177.34926,222.23720359768492,687.8967146553738
2177.35621,133.1486994240267,691.362387495469
2177.36315,-85.95996959966762,689.2651658870732
2177.3701,-203.56808731882893,692.7085663467449
2177.37704,-813.7114696850598,686.6981892499505
2177.38399,-358.78916797351366,679.9072613184196
2177.39093,265.45557070271025,694.064581223893
2177.39787,-751.4303191507507,696.4407163475399
2177.40482,-503.3979681164101,693.0625502203775
2177.41176,982.3972783544883,697.9582907760843
2177.41871,1014.4884998693084,705.6579770519971
2177.42565,526.5589826013669,698.3493575978331
2177.4326,1631.711107477119,688.8135001013297
2177.43954,1214.0986608233547,686.3894284837764
2177.44649,1189.0457376378645,680.0074305014406
2177.45343,921.4558623786423,694.8989475565053
2177.46038,1158.2722044166212,694.8079360527448
2177.46732,-41.107804679929274,695.2732818284945
2177.47427,-41.18298809607931,687.793945143674
2177.48121,560.898357845726,690.9653286119818
2177.48815,1977.5902088488695,704.6819493352704
2177.4951,1309.5951662661375,769.1564205813248
2177.50204,412.19584895790234,686.007180167982
2177.50899,-1036.6506489682718,765.1045432107968
2177.51593,2002.8482188266846,681.5570002785119
2177.52288,-1059.496345336473,692.8192499022499
2177.52982,396.4835325024627,684.8409892843916
2177.53677,363.9498028811596,764.1608500159031
2177.54371,163.10878199985697,710.8473286328792
2177.55066,-1853.5535133466897,695.963951737157
2177.5576,2445.1464900911437,713.5688552397419
2177.56454,291.451621794251,768.8144208311686
2177.57149,416.02635921742024,708.8983257591793
2177.57843,-1655.0774348699383,696.8221732589539
2177.58538,-830.610101306909,702.4894200279056
2177.59232,2175.38466203845,692.831686256801
2177.59927,-710.115618754198,682.9295215898824
2177.60621,112.97354060902839,687.517518899333
2177.61316,2071.597630420807,694.0822182358017
2177.6201,-46.48189265478009,694.0129138236214
2177.62705,1541.2676059462303,687.4696954631953
2177.63399,939.16161341086,683.1740655434652
2177.64093,-1030.8997394505218,694.5545735932077
2177.64788,-616.4472574304318,690.5657824575844
2177.65482,-1705.5833926841594,685.0491286364702
2177.66177,509.54684097979657,688.2228863179195
2177.66871,1557.0435739254178,762.8894023497027
2177.67566,125.31108267036494,759.4109539817505
2177.6826,-277.9801103133884,764.1957848664149
2177.68955,-1093.1214215985226,755.4872841208677
2177.69649,-606.6557763190183,690.575844598994
2177.70344,-395.97567700570187,759.632886381604
2177.71038,1167.662782680414,687.5375301243835
2177.71733,-472.1494792090823,761.5650436477755
2177.72427,1720.577000904312,752.7753674243401
2177.73121,2149.944855168651,756.9131686990396
2177.73816,554.6123459089712,751.635971231919
2177.7451,2309.216569558409,701.2982433774442
2177.75205,-1512.644770657953,698.0863852279609
2177.75899,170.79897142320348,677.9869751179559
2177.76594,2803.6430645593996,676.9604105786442
2177.77288,209.76964510240475,759.0443076380293
2177.77983,1354.8172562048878,696.8108674820892
2177.78677,624.2491479292012,761.2532303218479
2177.79372,-434.6744467513079,685.9116463534756
2177.80066,367.2056405026464,688.2685616564527
2177.80761,861.5031365896114,692.4171034191736
2177.81455,-593.4723360326674,692.4955655106145
2177.82149,1234.379754767575,674.3418795990186
2177.82844,-2296.2005678274236,694.8479585028457
2177.83538,2213.9967164755044,698.75896589364
2177.84233,-1646.6548572212985,688.1382060492032
2177.84927,1879.3352069088764,693.5414629283648
2177.85622,2983.056811837942,692.040055760737
2177.86316,-282.36336000381976,690.8702470285499
2177.87011,1345.4035010985226,705.5335004487172
2177.87705,1142.1575153625683,691.422195055083
2177.884,-344.2783164254822,686.7448821084016
2177.89094,479.69970311484434,699.0592473271655
2177.89789,278.7277613374488,697.7053805476216
2177.90483,37.959484996425445,697.0052137863928
2177.91177,1674.5237102504714,695.6685317876833
2177.91872,193.79017313965306,683.7638879224949
2177.92566,584.4574487340878,688.1419369555684
2177.93261,95.14919197750031,697.7425765535064
2177.93955,905.2661029662078,698.6315497883752
2177.9465,1302.7186536037414,701.3667563852441
2177.95344,-643.018772564384,692.3956224431307
2177.96039,-1888.0779641583235,691.4065930830097
2177.96733,1085.8043228117099,701.2452192839489
2177.97427,837.362250423794,697.6075855777423
2177.98122,-224.313848692187,704.4583210688874
2177.98816,-1797.7090807547415,688.6840489562293
2177.99511,54.90040022374845,711.2030083730417
2178.00205,67.7568774431732,709.534501823354
2178.009,-71.6612144256173,706.9325903357196
2178.01594,-576.6793003667342,683.8570475238597
2178.02289,430.94896715886284,692.0744253224055
2178.02983,862.8533855205585,706.3235481360201
2178.03678,892.7852036542273,699.0548380741883
2178.04372,1124.6845502759938,684.3540494748304
2178.05067,-202.79126739045768,695.479499198506
2178.05761,573.2974033332064,707.8384091781168
2178.06455,902.3138254535372,702.7344162125629
2178.0715,38.17632979668976,697.0894418240346
2178.07844,1069.9909327111002,704.4281346446586
2178.08539,1853.1817794033796,688.7376383385679
2178.09233,-455.8410091395688,701.102766495454
2178.09928,-149.66949198305866,708.6415715665828
2178.10622,193.23449420675468,703.7722865287393
2178.11317,-2172.089593371243,707.6541250152227
2178.12011,3037.155858597523,710.6356844899727
2178.12706,1042.5710320812234,707.2086774067548
2178.134,1620.4480664490004,712.2039087988707
2178.14095,816.6452057236721,705.7546414441899
2178.14789,-996.4894769852211,706.5253562530544
2178.15483,-67.12850236503498,700.0410409900933
2178.16178,-1702.652143916457,716.3474760197711
2178.16872,2039.4278337567775,720.0574666979117
2178.17567,2268.918710733064,721.1736860477603
2178.18261,1924.0335002054867,718.1058634955327
2178.18956,664.0401687777028,705.4574125704179
2178.1965,-19.51411004172121,700.2730355313562
2178.20345,-2010.9590962071654,706.3784942115824
2178.21039,-236.55698751670354,701.0938349317311
2178.21734,-612.085262600506,713.8053720917507
2178.22428,-151.86213434819217,706.6555988025353
2178.23123,698.5572708343743,707.4770765495219
2178.23817,2340.8163289529216,695.0913718787419
2178.24511,1170.5078814284072,699.9452810600495
2178.25206,-479.5609812327148,701.9087553281362
2178.259,502.00543557998907,701.1807763558204
2178.26595,579.2409632887304,692.8041001612512
2178.27289,478.2325524511165,699.4714559516513
2178.27984,-964.0653003417367,708.5376714771965
2178.28678,-963.4749126738637,706.3912697394394
2178.29373,467.3256433942349,687.1799284021539
2178.30067,259.7511279278739,702.8642065309692
2178.30762,550.2311312583754,690.121804600109
2178.31456,182.14488379574007,703.242497824861
2178.3215,350.72453122040946,695.3786516688732
2178.32845,-329.60613144159197,692.5917776717329
2178.33539,-1802.1276044689907,693.53434028894
2178.34234,652.5004753897057,709.0637292747094
2178.34928,-266.8154295439924,707.3885523166716
2178.35623,162.61845045723638,703.9444735103881
2178.36317,407.8638144366679,689.5507498106747
2178.37012,-563.9182439040472,690.6633513119265
2178.37706,-228.3759012618932,704.0109514783524
2178.38401,3134.8594777998264,693.7676915234268
2178.39095,1260.365743717706,699.0765451657685
2178.39789,1267.791604077957,694.5883778660329
2178.40484,-1741.869283531308,702.0032716227248
2178.41178,918.4390288800746,712.7538217855681
2178.41873,1079.9994847383155,717.9594536851353
2178.42567,305.388592108632,698.1851977177581
2178.43262,994.1611652977115,711.2382823968594
2178.43956,-178.48882167324405,696.8976958484099
2178.44651,-1022.4430183557507,735.6083366597237
2178.45345,-1335.9553764304892,710.3790433551447
2178.4604,97.09378559822306,692.2347412383466
2178.46734,1140.116822638496,712.2354519163231
2178.47428,-1542.8873845976311,727.6221619980603
2178.48123,17.18444166098792,721.892394283047
2178.48817,-2236.4395880140178,715.6522838003627
2178.49512,-99.83701929666586,709.7256825101357
2178.50206,830.5299433489384,712.9515598229311
2178.50901,2013.2626482433413,707.3371110319374
2178.51595,719.1117384631823,724.9899510284285
2178.5229,-101.04978998093868,702.1996529668642
2178.52984,-298.6777090773029,707.1715944586388
2178.53679,-502.812781105895,704.4447541366496
2178.54373,-1881.811285100007,727.1719659633093
2178.55068,-2128.5509336076416,725.1960553406714
2178.55762,102.90043259591602,704.8450916954275
2178.56456,822.9912513355785,707.7680872460186
2178.57151,460.32047099111855,734.0656634065399
2178.57845,-1394.1266509589545,702.5840493802627
2178.5854,502.42872386580217,719.2679842994519
2178.59234,3.8961968231015525,721.0310071437281
2178.59929,2128.2949708194255,710.6689234739548
2178.60623,-255.5463964541356,720.8762310584508
2178.61318,228.63853445845945,717.909029920319
2178.62012,1837.5657881668271,713.9738281670342
2178.62707,-227.90761598415867,718.671830685378
2178.63401,80.09566313996483,719.2809859428462
2178.64096,1317.2361755601225,720.9389781200497
2178.6479,-964.1498675526844,710.7330272287775
2178.65484,-163.242529340166,715.1200078255742
2178.66179,-232.53292235726263,705.7544153286527
2178.66873,445.9697092434908,709.9436578880865
2178.67568,1486.096771539879,723.4207091996127
2178.68262,3267.380593550095,708.9425313467201
2178.68957,-1524.5810706983625,725.0221724924929
2178.69651,1468.9723635540427,707.009921849474
2178.70346,-955.5275168268461,725.7763808671348
2178.7104,2624.464364381873,737.9034093632512
2178.71735,617.1910644903581,726.3233543518473
2178.72429,641.9346616208312,724.0264727240216
2178.73123,1332.4620044370756,737.5150559279499
2178.73818,-1855.2268813804292,721.0650375320906
2178.74512,33.69743323398327,715.6947935213739
2178.75207,1041.8974338956266,702.3891377871159
2178.75901,575.0915170638605,722.2957844015783
2178.76596,2090.561375244756,735.5763413111968
2178.7729,1607.8068512210791,723.2086128256316
2178.77985,174.5574638840934,728.6827569257348
2178.78679,-659.9653406801394,729.5490055491055
2178.79374,1167.8454840345469,723.6066892290365
2178.80068,847.9229765930794,736.9386874233891
2178.80762,-229.44350577122378,718.3161509452156
2178.81457,-1112.2801910733874,712.190341866633
2178.82151,-620.2179601303355,721.8825582571748
2178.82846,-807.8147156457552,740.4873446656709
2178.8354,1090.1545596336966,741.8845125706064
2178.84235,1154.031633630222,731.3128197977621
2178.84929,-1844.7137525317441,746.913435177779
2178.85624,1072.5912613899736,722.2104257862501
2178.86318,1896.555827055831,723.0305468400131
2178.87013,-1033.4350599124232,727.1206377363437
2178.87707,1337.3016683395338,732.8039387084431
2178.88401,55.90333568941308,722.4025109351808
2178.89096,1023.859179965819,727.5441521376941
2178.8979,-401.3660452992378,720.7595554412075
2178.90485,-324.59213245988076,729.945273028212
2178.91179,-725.5874613357261,713.0755841951365
2178.91874,73.08020247990166,736.1140440588804
2178.92568,244.90664290456613,727.3870018392752
2178.93263,-760.8615982112559,711.8766065586386
2178.93957,1954.7303802595875,710.4924402970973
2178.94652,1058.2883230784835,714.961387776163
2178.95346,-299.9068731380295,742.1768799603266
2178.96041,-948.5735595929266,743.5851275265896
2178.96735,-248.79492568386237,719.246164150103
2178.97429,599.9534856781064,721.404436953568
2178.98124,1043.064529241366,718.6108925480773
2178.98818,-1048.6059427138139,735.8606815993431
2178.99513,-1293.715750428638,704.4591124732677
2179.00207,-109.50198876496373,701.3179154291888
2179.00902,2446.309854530518,702.720623164788
2179.01596,1561.8520338837295,711.9658091381008
2179.02291,-656.8296834667241,713.5247627099697
2179.02985,1464.4438346309003,710.5722590817619
2179.0368,-427.5027402549751,720.6256950431297
2179.04374,1438.1988303327994,738.6491384052447
2179.05068,1428.0591312939541,731.1751154355505
2179.05763,-492.6699164495276,714.6790825278522
2179.06457,2423.718312026234,740.0458540791057
2179.07152,967.8227752827087,738.8317267016089
2179.07846,751.0795008946401,724.0092879431872
2179.08541,779.3484653670534,722.9194110534335
2179.09235,445.49192711319,720.5702967364929
2179.0993,-1300.4761527626342,720.0503440584869
2179.10624,1332.8257112788122,722.7492591116202
2179.11319,1042.1051210166304,725.1034610281497
2179.12013,407.04572842274064,720.234289048075
2179.12708,-515.6858778173108,715.884843630469
2179.13402,-2272.243626651194,710.2163532260622
2179.14096,1474.7055230021151,721.0091869943792
2179.14791,-856.8652808041877,725.217310201177
2179.15485,949.9076412629573,723.5679104143907
2179.1618,-1401.6871631216632,718.2398369513791
2179.16874,898.0686192986235,726.7789771594935
2179.17569,-292.1071307368644,714.2931033056925
2179.18263,-545.8598656914205,731.1737587423269
2179.18958,2066.9952747747384,707.9030782217826
2179.19652,1792.0710028901008,726.2676168719046
2179.20347,758.2657918431283,737.3560967052327
2179.21041,580.5326482955187,731.0030415116703
2179.21735,810.6971234574021,719.5418102151142
2179.2243,1330.544318565291,738.5628753277672
2179.23124,-356.11942182469124,704.1028674442622
2179.23819,139.08954599310326,718.0723983960133
2179.24513,239.2497974503299,714.8756899875289
2179.25208,-606.1557218082942,713.1791451112168
2179.25902,1408.2561586533404,718.0665193920437
2179.26597,2650.2635818982003,723.4428685222674
2179.27291,-449.67969992163125,725.1572765260255
2179.27985,535.5375783562109,717.0907177908543
2179.2868,-966.0412109643746,710.0431487244955
2179.29374,420.2009042669298,715.5224934819564
2179.30069,1740.3475259653237,728.277897056211
2179.30763,2410.4748380647316,723.7582996967917
2179.31458,-595.5383536969166,701.2956430487653
2179.32152,2805.539043339604,708.5216172740486
2179.32847,511.31291638382623,718.014286702929
2179.33541,4106.576980154644,713.2698174416714
2179.34236,-573.516396231075,714.7630844499568
2179.3493,-1340.203069856313,718.7709823484811
2179.35625,1986.567900141564,729.3665303105098
2179.36319,861.6061322168486,726.9461895993219
2179.37013,522.3023576118198,725.7693712854787
2179.37708,2201.940349084792,728.4899934301922
2179.38402,-1124.8697389010372,718.790541342457
2179.39097,2039.5350125214545,720.8223025028062
2179.39791,589.7157655538443,724.5528696948405
2179.40486,979.4373129135499,728.062861180245
2179.4118,-600.7381065925143,710.9532637621012
2179.41875,1736.249181851882,714.0446023302071
2179.42569,3852.6829229892796,745.7946154992514
2179.43264,980.2289434096137,725.5625886266239
2179.43958,-282.36177719505866,715.2347614607506
2179.44652,-545.1090490498381,711.2612331238947
2179.45347,-400.2121777124299,707.2146694684931
2179.46041,2844.3148054256585,715.8306889592872
2179.51597,-282.3675431412598,734.798729978445
2179.52292,-899.4595690262835,730.1391671014411
2179.52986,-1180.2307364742524,705.8859015135888
2179.5368,1232.3739968940142,717.3839896427237
2179.54375,91.90839103924354,713.547713437005
2179.55069,766.746933415927,720.7082272142419
2179.55764,437.83983815787735,715.7214751547746
2179.56458,47.883695928230175,733.460239055437
2179.57153,78.35943498685792,721.8443447313722
2179.57847,-802.687206664323,716.550075541186
2179.58542,25.171973015875178,717.2624525414286
2179.59236,-1770.5250186302615,717.049225589761
2179.59931,992.5509965566457,720.6428798239641
2179.60625,19.560011495791805,714.1322221009083
2179.61319,-1632.582669815616,725.3753649617449
2179.62014,1114.1836316663225,730.3460628180645
2179.62708,831.2532869527397,728.0470330926345
2179.63403,262.7100758488945,713.1609428104647
2179.64097,550.3698531405049,717.4543115748221
2179.64792,499.4904655164439,728.9918568652147
2179.65486,-288.0111608365642,722.6090674784983
2179.66181,646.0032715411189,721.7129716042048
2179.66875,1671.338081503314,717.6397263154025
2179.6757,1361.4892473638024,723.9698307819295
2179.68264,1080.0571442003252,727.2625252359952
2179.68959,-580.5563904269344,710.7709015812741
2179.69653,-197.50332943531566,721.0695598428366
2179.70347,481.88556201385904,727.5244800859497
2179.71042,1690.890065897532,697.9313830271464
2179.71736,1359.9236233835834,734.269167390104
2179.72431,694.6033014914943,720.3913262887253
2179.73125,-196.72266554281035,713.74194668354
2179.7382,-1018.072996424251,727.0728143002061
2179.74514,667.3881484806365,725.2738390855003
2179.75209,980.2973433596451,732.4496156615045
2179.75903,-208.52985361142532,719.0955712022658
2179.76597,1055.8339519789329,730.5643773693212
2179.77292,2271.56731507915,708.9799534681422
2179.77986,320.9314349688703,725.6175347021862
2179.78681,604.3196636454721,727.4841184625427
2179.79375,1200.7491386748618,716.1803766377113
2179.8007,555.5042586458247,712.9541601516099
2179.80764,2757.6613394731125,713.594745468762
2179.81459,2142.191918683706,706.0695073298709
2179.82153,-1091.591071642121,701.4982425701802
2179.82848,760.2803682226435,704.5503500925656
2179.83542,1982.604999234961,710.3326896699996
2179.84236,740.0576120870448,713.6110257874471
2179.84931,845.2683801852556,731.7904888702943
2179.85625,146.63468229927614,724.7859948137899
2179.8632,1195.62490836872,727.7369156332367
2179.87014,-1405.4502909510675,709.1187884080404
2179.87709,275.90493496987875,717.8449261654963
2179.88403,-164.6532641773392,720.4661705315693
2179.89098,675.263300413489,707.818171837529
2179.89792,950.2547286127026,727.8248745772438
2179.90487,422.2142370109898,733.402014304584
2179.91181,1387.1578831573424,731.7824617687204
2179.91875,115.91360788268507,707.9736262694182
2179.9257,1994.4617066062433,714.5367427971261
2179.93264,523.4537379277176,716.9213572534217
2179.93959,-1913.2263081005517,697.6324582868446
2179.94653,747.2813251569552,711.8559169869762
2179.95348,-1593.694528307527,706.0864659951679
2179.96042,-38.735965751490816,714.4188235444275
2179.96737,1471.5811715655643,725.2202497031617
2179.97431,-656.7684061561175,722.8747532348181
2179.98126,674.748435335072,711.8942435705475
2179.9882,700.19920880843,725.31397459337
2179.99515,-1151.3607569037129,735.4512994190736
2180.00209,1682.8516585467537,735.6564992691673
2180.00903,1062.1457410869393,731.1300053858605
2180.01598,760.0818387808998,723.3580751957825
2180.02292,1506.079506032641,727.0249908640686
2180.02987,1743.4865749117987,729.6783436364373
2180.03681,904.9167544610896,728.1984174448525
2180.04376,1614.262449810804,726.6921487931728
2180.0507,892.8229649489551,732.9680985885182
2180.05765,-897.3539811430079,735.329875375547
2180.06459,-158.40783997952843,731.9078428341496
2180.07154,566.7112230206945,743.481340494972
2180.07848,848.2242755465227,740.2994426541801
2180.08542,1458.0478174852522,737.4320715257633
2180.09237,-720.6836936784456,742.7374203772769
2180.09931,1079.4772709049364,744.2475329930904
2180.10626,-568.7833458044506,735.729534587713
2180.1132,-169.72288758122448,733.0316370544975
2180.12015,-1125.1747687608458,733.639096445436
2180.12709,-640.7231345720135,736.1916016881719
2180.13404,-1315.5875671777171,741.0305872440181
2180.14098,2254.101133458694,737.0914284688308
2180.14793,3923.791397983983,734.6213423394385
2180.15487,2284.3930405855026,739.0796623882512
2180.16181,1836.8009523619323,746.1325451697364
2180.16876,2409.468171692702,742.4384956369751
2180.1757,1212.2302681386998,740.8383890373187
2180.18265,-421.34640557885785,745.9475826602305
2180.18959,888.0938715442337,748.3436159511593
2180.19654,994.8672110629101,744.9646584196163
2180.20348,714.7722421292171,729.442618188809
2180.21043,-510.69539485147817,734.0630630778611
2180.21737,2430.606695754338,741.915377341447
2180.22431,-893.645347158091,735.4456465306412
2180.23126,103.58386680738519,731.9300021568043
2180.2382,-254.66782453398227,725.4696551407964
2180.24515,195.02137224021527,721.2462691352313
2180.25209,1147.6488442435057,730.9462865118096
2180.25904,-131.3761797271842,734.2419204678602
2180.26598,-51.98204004167194,729.2481588267367
2180.27293,-34.343558381799006,731.777148053594
2180.27987,1579.937772076369,739.2414480551846
2180.28682,1491.3599498436874,729.9719546616126
2180.29376,3406.1430634185035,739.0376048983146
2180.3007,556.401711213342,728.7906140370236
2180.30765,1212.2404433378779,724.9619127018042
2180.31459,2847.4962510353757,739.9857073461856
2180.32154,-1342.1014228496595,723.4183349864711
2180.32848,-909.509613254592,732.0662367680237
2180.33543,981.0033891248435,726.9647310733799
2180.34237,1394.8325836663844,732.6660082306942
2180.34932,1713.3615410515129,729.5362300212483
2180.35626,755.5304721884909,734.0610280380254
2180.36321,2643.4688100025355,736.8299258499511
2180.37015,552.037229112506,724.3237015977937
2180.3771,-839.5450567630551,725.7147643832222
2180.38404,2319.5899590050462,725.648286415258
2180.39098,901.6615951862145,734.6327611740717
2180.39793,-876.1919410654929,724.2142616777437
2180.40487,65.49515678139656,730.40575731991
2180.41182,285.28013737713525,721.9653165438242
2180.41876,299.00184570001295,717.3016835871491
2180.42571,1798.862156937169,725.944950000187
2180.43265,-239.56556779816015,716.1777763090325
2180.4396,1046.4817002987118,712.4026643561515
2180.44654,2409.8967736936415,727.305826361387
2180.45349,2062.06041623108,735.4873648472718
2180.46043,100.04007104915524,732.8389866167237
2180.46737,-1184.4699505674275,719.491951739141
2180.47432,1977.64447657782,730.3670915630328
2180.48126,605.3129892008017,728.3321647851614
2180.48821,245.52405137914556,717.8056951197759
2180.49515,1303.9284847860292,718.4788410742982
2180.5021,2220.5388042582435,724.3169181316748
2180.50904,1007.0633178556695,727.7161130038057
2180.51599,1464.4872488140604,722.2599450889173
2180.52293,848.9215028057667,726.7233527373193
2180.52988,-1432.0257631069228,720.2235485600536
2180.53682,206.4034630987188,731.8306243781639
2180.54376,16.492415059101667,718.067423854193
2180.55071,-528.3807954853395,718.9087997684613
2180.55765,762.7364351887237,719.3497250661834
2180.5646,569.7666092183708,725.6637753295627
2180.57154,843.0811645930171,731.2943913814728
2180.57849,3.9582655380885785,717.9530093923225
2180.58543,1545.3904835954684,714.6310329761774
2180.59238,-1365.841406167856,721.6544076800458
2180.59932,-3471.455518845767,714.6464088327133
2180.60627,1819.4391230619376,720.3431636792818
2180.61321,3475.108189235204,718.8052388523811
2180.62015,1163.8958108868753,719.8775917879947
2180.6271,-847.6142158269054,724.3927798944368
2180.63404,422.359742359238,722.3644104671469
2180.64099,2301.266573382712,721.8150627692927
2180.64793,866.5381643162909,708.7468283491928
2180.65488,-828.1142380062649,713.1314347328479
2180.66182,-302.3001930425109,706.4103765023407
2180.66877,1371.5358998590516,717.246963627124
2180.67571,-451.2238429258075,719.9038211903209
2180.68266,40.12895051898638,710.911093214396
2180.6896,200.5197107028088,719.7056309218831
2180.69654,-1893.9560636658011,723.0334863419979
2180.70349,1641.5331141860672,728.922665510803
2180.71043,1148.1352187642237,723.8557554933652
2180.71738,-1626.440128187274,717.6791834766602
2180.72432,-29.462176162710346,723.4918225360915
2180.73127,-2903.4943291349146,730.3716138737786
2180.73821,1715.8775286349758,716.0966008311441
2180.74516,-1155.563453337616,718.7595635138479
2180.7521,106.8235371679555,717.6789573611229
2180.75904,1864.5672619949423,726.0803932070256
2180.76599,285.26001309431615,728.8410378018401
2180.77293,355.4851677425834,735.0826180355168
2180.77988,564.3220862536532,720.0727294966788
2180.78682,2251.7195715621524,728.4165058805719
2180.79377,96.96591726188367,729.7159918733967
2180.80071,366.486480036285,717.7389910362743
2180.80766,-820.0568369503541,731.1466248778517
2180.8146,2544.762594507874,731.0017978762153
2180.82155,-612.4229661554535,720.023436309549
2180.82849,-495.1715456963725,731.072232866082
2180.83543,2131.3200575351048,718.8757869000166
2180.84238,-441.7266511861813,717.2612089059736
2180.84932,-136.58316831997521,718.2180168020302
2180.85627,638.0331510826031,723.2104217499299
2180.86321,549.1307399961373,712.3162882209054
2180.87016,3056.878673280166,726.4973502577947
2180.8771,502.78756922348674,706.4615916715376
2180.88405,-54.3186049462927,730.3549943817877
2180.89099,-530.605433199,719.0492175171206
2180.89794,1661.4967419159275,718.6834756355486
2180.90488,95.91538447561881,708.8602252911454
2180.91182,739.9383361411227,712.5162874136414
2180.91877,-75.38692013359965,718.2384802581553
2180.92571,616.8871652082358,675.7226541275004
2180.93266,-747.3463333739271,673.9736504465365
2180.9396,472.28096539401844,719.6780448263335
2180.94655,1434.3128087088762,714.8301277067642
2180.95349,387.18204376036385,675.3748884311432
2180.96044,-875.4483601211036,672.4901064063548
2180.96738,540.2152304761983,713.19474708329
2180.97433,-304.0472747414079,707.576906559237
2180.98127,445.6926046525378,714.6173529861711
2180.98821,1104.8144213208043,726.1631514936751
2180.99516,-18.45668073156889,718.5645388629323
2181.0021,816.1636926870059,671.537142474432
2181.00905,-1163.783883695915,673.8367374887052
2181.01599,-331.9837363162315,669.068186922726
2181.02294,-214.180480888386,664.9459876200998
2181.02988,-1173.2157280452636,677.4422627886163
2181.03683,-524.3138814315814,672.4044086177206
2181.04377,455.65842084320445,711.0863327557983
2181.05072,1333.2138385985759,676.8129832483289
2181.05766,-987.1702381734447,668.5304841750425
2181.0646,4540.754311897213,712.4887013180917
2181.07155,769.326911696444,718.2825727879275
2181.07849,-1341.1428060293047,667.445581827109
2181.08544,-756.4975683414945,721.0061344346258
2181.09238,-791.9274988222194,667.004656529387
2181.09933,505.61107393766866,668.365193717281
2181.10627,214.74882229137273,719.2647056241611
2181.11322,1572.1612065177762,726.2912459455517
2181.12016,1108.1853517507734,723.5563785219888
2181.12711,-1581.917074432066,717.1334536274028
2181.13405,894.1527504237774,720.3708628326002
2181.141,838.5266323830859,722.7907513127135
2181.14794,327.05961826059433,718.901903244574
2181.15488,2666.6015600453306,718.1127600194203
2181.16183,788.9562276044161,709.4402116443027
2181.16877,-1882.5089645903256,713.9485032268574
2181.17572,152.8777322839452,712.9263479405229
2181.18266,1173.4603850566148,720.2575789484162
2181.18961,1047.8434811220607,717.3152505193866
2181.19655,-760.0249707232707,712.2312687788831
2181.2035,-353.67839154184094,712.288249894281
2181.21044,708.1695553824829,714.6299023984909
2181.21739,1400.0781249582838,717.9499568325691
2181.22433,601.7956489604352,719.3026930344265
2181.23127,1046.0970777697755,716.2639263287413
2181.23822,615.9431328400362,720.6254689275925
2181.24516,-494.88686623492026,717.0218656097485
2181.25211,88.81569577791385,716.1423892274461
2181.25905,877.063164230684,717.0955792749061
2181.266,-1401.0903311609777,711.7941874452952
2181.27294,-423.1904908432538,715.5698646870193
2181.27989,621.6808145988547,715.785013620754
2181.28683,330.6735098353851,710.2849792916307
2181.29377,930.6842027444268,710.4880310441201
2181.30072,1807.8358912079611,705.6396616934763
2181.30766,22.459377972735513,712.6166827121997
2181.31461,1467.7885356585434,714.6998851572831
2181.32155,1734.2217168867412,712.4400864775736
2181.3285,1284.1445058505483,713.2901678400278
2181.33544,457.2518570345106,714.6905013624855
2181.34239,855.0630269141911,715.2501373172865
2181.34933,-1424.4465964123872,703.9262712096361
2181.35627,652.1294197930073,711.7758720867744
2181.36322,-351.3983555215435,720.2754420758623
2181.37016,1165.044025585251,717.6688952197135
2181.37711,550.6722826716347,713.343870280135
2181.38405,1638.729733754704,703.3127066991905
2181.391,-1010.7452702071859,708.957002741107
2181.39794,-48.517950010338005,718.7350299780516
2181.40489,547.681000228781,733.3414153405894
2181.41183,-1058.2905842338564,712.2110314382954
2181.41878,830.4477503511322,706.8632859235393
2181.42572,756.0082543187916,705.6076663449493
2181.43266,282.5161010492614,729.0092677615862
2181.43961,-1564.2512327921806,710.4648542015475
2181.44655,1088.497924149717,716.2006139782991
2181.4535,595.5256912268281,710.0363652583768
2181.46044,172.08669940808906,715.0462941604166
2181.46739,-224.44262149067552,714.7957581450956
2181.47433,-959.1566712004043,710.2090044711002
2181.48128,577.9810475149319,714.814186561385
2181.48822,-24.955015157842244,721.8262554883887
2181.49517,-1046.8968484251823,722.4022848196436
2181.50211,509.1842647157467,726.4010250389075
2181.50905,84.54245129637566,709.9432056570118
2181.516,122.01646623423228,706.3463858052867
2181.52294,8.112912420316354,718.5747140621105
2181.52989,1204.9519481665332,716.566695033177
2181.53683,3058.195683227131,719.6710352446773
2181.54378,817.2942703734726,707.9478490981668
2181.55072,-1006.9716280052972,706.4191950082951
2181.55767,233.6055014084136,713.6922012653354
2181.56461,1277.2123687659775,711.1771181440215
2181.57156,-464.0049106135449,717.8722861455087
2181.5785,-707.1507918292077,704.6438488672364
2181.58544,1958.207358876547,717.4763578397082
2181.59239,-421.230860539301,707.5502249258363
2181.59933,825.8032241573583,711.9965608511727
2181.60628,890.3993455624767,713.1956515454393
2181.61322,1729.3080001458195,712.3534842267902
2181.62017,-2965.8800581052224,716.1396758409985
2181.62711,708.7601691658932,712.9997224323746
2181.63406,312.33033910353754,710.5377764623247
2181.641,306.34947008436,712.2910763384972
2181.64795,1457.8370778044946,705.2163734076631
2181.65489,89.29087757953582,708.4950486984166
2181.66183,189.8576847728159,709.8786496711147
2181.66878,1315.7735472071406,706.0716554274753
2181.67572,-633.84888306499,708.7882074925175
2181.68267,2330.479004934482,708.0064130223258
2181.68961,-1775.7563146433117,716.5504147144918
2181.69656,459.16061134257234,702.3545421099101
2181.7035,-96.70701497168278,707.9658252833816
2181.71045,1561.4782649005838,704.1772594560317
2181.71739,45.47760049589172,717.5418182877546
2181.72434,-721.4152904993581,702.6677121290613
2181.73128,2012.285263833391,707.4757198562983
2181.73822,-1726.8079537077358,702.6516579259135
2181.74517,-1794.140299229641,726.4970110844887
2181.75211,-776.5912125052985,709.5346148811228
2181.75906,1094.2540343248247,707.9540672754423
2181.766,-1437.776559566904,706.7282949477751
2181.77295,1269.33179006023,705.6164848509038
2181.77989,1677.8386770849602,706.1486477679236
2181.78684,1068.0616018891449,713.4268546823216
2181.79378,-1245.8667632353822,702.8938276663546
2181.80073,1406.3971497634836,713.0766017150543
2181.80767,673.1988655580009,700.96777551969
2181.81461,383.6986208505913,712.9422890859021
2181.82156,1908.577485711569,718.7644249978996
2181.8285,388.97615749101783,712.6617927618896
2181.83545,2171.0479921487013,705.8042738046258
2181.84239,630.9680580621041,714.397907857228
2181.84934,790.179851834479,713.8249310857267
2181.85628,-385.0983890842057,710.7377756550605
2181.86323,442.4183386147616,698.8109724672175
2181.87017,-248.65529933958376,713.0329614163567
2181.87712,-939.3137891674584,710.2823789629518
2181.88406,-596.931112348875,713.4581716842367
2181.891,-838.30074296133,703.3067146374524
2181.89795,83.60520239429476,697.6233006075842
2181.90489,495.68030565528244,701.0977919536336
2181.91184,798.2164502609589,701.6714470717469
2181.91878,375.8936777920684,707.6250691686805
2181.92573,1406.2506268953175,700.507630401298
2181.93267,452.5145104126779,708.8902986576054
2181.93962,-914.3277961810071,704.3129287784077
2181.94656,-1618.009749552598,705.541527550291
2181.9535,207.30159401284797,700.3805534693392
2181.96045,-919.755925769271,695.0524800063275
2181.96739,1068.729660244078,705.7313515438487
2181.97434,445.84195396492004,701.6337988347876
2181.98128,1001.2983891746073,701.2200074015407
2181.98823,59.6219187579707,693.0159704196951
2181.99517,3004.934733706528,703.8777694268866
2182.00212,710.9832240707924,698.6227312824208
2182.00906,-1653.3129422746697,703.3242385915926
2182.016,-1221.3106158853257,692.8329298922562
2182.02295,-2106.1918378756955,701.0803810572621
2182.02989,743.3579944693785,698.3615678368469
2182.03684,2105.121180806612,702.0535823297726
2182.04378,-1029.003082323705,699.0463587415398
2182.05073,1962.00485626762,708.4909786187453
2182.05767,-787.5781664623817,699.5472046566446
2182.06462,192.77389685728815,698.044779969099
2182.07156,-1244.5158359578234,700.4749567061591
2182.07851,-773.8200535379999,699.5328463200264
2182.08545,-83.89157772227679,701.2157112063321
2182.09239,144.57454363899646,705.1898048320312
2182.09934,-93.67254446120616,700.4790267858305
2182.10628,242.8189181487367,709.7487462949396
2182.11323,2302.354528290399,709.2567188857893
2182.12017,-832.6365487521318,699.8029413293234
2182.12712,722.0589283762637,700.2038441769445
2182.13406,-380.8839346423638,709.397249692217
2182.14101,1311.824891579387,709.3923882081652
2182.14795,1944.4779626254012,701.279136614543
2182.1549,863.9781972608243,698.7823688517499
2182.16184,-205.37712467494433,712.4939019754494
2182.16878,-1047.429011342202,691.5933645168141
2182.17573,-71.35607150803996,703.6282509314834
2182.18267,351.26223396809297,707.1620976060724
2182.18962,1188.9169648393759,707.1173267296883
2182.19656,311.3687827811976,710.5428640619139
2182.20351,1696.189874918382,713.1559682686443
2182.21045,1302.9384379059902,693.7510720314358
2182.2174,1223.1838700540325,697.2356255188947
2182.22434,1466.5653636595548,700.1753536192455
2182.23129,-866.0477197159017,694.1237104368951
2182.23823,514.4417901311228,699.2521238804768
2182.24517,634.3005488507334,707.1239971380385
2182.25212,640.1552454001012,700.8633101414605
2182.25906,1373.1819079127783,717.0944486972197
2182.26601,-503.5699289825216,704.7721694346504
2182.27295,3122.5303020133697,706.2868043612099
2182.2799,-352.57110375571546,707.6397666786046
2182.28684,595.1492088572348,718.0748856669236
2182.29379,1049.0157771251581,709.9809669517398
2182.30073,661.285064013552,703.2259913906386
2182.30768,-987.2765124759727,694.1476786838482
2182.31462,1986.731720848333,703.7557800945169
2182.32156,3653.0247124835587,699.1538766795228
2182.32851,183.61406949930355,698.7078637822117
2182.33545,-2686.791077196947,696.0620858803424
2182.3424,-495.9502876068107,691.5656653634957
2182.34934,-823.4982023701901,689.9405729969684
2182.35629,748.7899680217764,697.7857646211294
2182.36323,-608.2033110562538,698.923125773715
2182.37018,337.61175203946266,691.6446927437796
2182.37712,289.8466537105429,691.4165421666506
2182.38406,-781.0779100540417,703.8554970464631
2182.39101,-1480.2419619327427,693.9000821705121
2182.39795,-485.6819288272456,685.2249334667157
2182.4049,305.7313832631687,697.6086030976601
2182.41184,1373.7891411881797,690.07827735918
2182.41879,1435.561644821347,707.3988405736186
2182.42573,-805.2400510803647,694.60533653133
2182.43268,-60.27290538983821,694.0684251880269
2182.43962,-57.28546691111859,694.0241065427175
2182.44657,549.712874446899,695.0497666198801
2182.45351,-202.03027554969697,699.0095019089609
2182.46045,940.738430110175,690.5257600074835
2182.4674,-306.5345456516346,691.8009385800493
2182.47434,553.0834657035623,700.272131069207
2182.48129,-491.4848449185731,705.2461076008173
2182.48823,314.74627056174825,695.3224619578558
2182.49518,343.82054552023186,689.6248026491382
2182.50212,682.8334224865328,694.912514488743
2182.50907,1034.6391251485104,699.2093880439284
2182.51601,-434.77947741838074,700.5339728613927
2182.52296,1128.4827260136788,694.5152294897185
2182.5299,-2912.7901649885816,689.9715508255775
2182.53684,-1493.1446797795438,690.6378002562124
2182.54379,759.0384286340598,698.5686896690077
2182.55073,254.22181163667116,703.1234479944761
2182.55768,870.0558437299634,691.2434507228526
2182.56462,-1271.4084351547322,694.5580783840358
2182.57157,531.4555145614543,691.4965870668525
2182.57851,1179.0912272240623,689.0755680090526
2182.58546,-886.2096507719682,688.7275761971582
2182.5924,350.71186875032106,678.3243394995976
2182.59934,778.5295879487456,691.8142793967496
2182.60629,-182.26110718190893,686.868906480607
2182.61323,881.9392327346462,690.3622784740204
2182.62018,9.895268143031185,693.2100906084614
2182.62712,136.02850690699466,700.3351042463432
2182.63407,716.6865362679424,691.9362687291193
2182.64101,-1065.1467464978964,690.3872642408913
2182.64796,-1717.310988083647,700.5401910386684
2182.6549,-595.9969160065476,688.992922780172
2182.66184,-1070.872557191007,683.2299160811766
2182.66879,328.7480229775638,691.8920631415785
2182.67573,-1894.7978918111442,698.7761506744744
2182.68268,58.63786393967003,694.9458665304937
2182.68962,-1711.5849512749994,693.9422527182172
2182.69657,590.8299498638573,672.2695306997252
2182.70351,-971.6584861995844,683.8062845857373
2182.71046,-41.97552305429246,690.5067663023509
2182.7174,1255.3706253833589,681.5376674000732
2182.72435,-1689.89527059121,681.653551612936
2182.73129,349.2541018813909,692.1783254117919
2182.73823,-311.11372445513064,695.038573900784
2182.74518,1506.805110791815,681.8428103176506
2182.75212,-81.97366573495471,667.4126820164329
2182.75907,927.1572525937253,672.2223856101995
2182.76601,748.6988434602471,676.8553799115715
2182.77296,-1363.0145097206146,694.1907536937026
2182.7799,1496.9516740231832,694.8580206442554
2182.78685,-360.2002419839928,685.3905630977831
2182.79379,-26.25280528413733,687.1573168484247
2182.80074,-83.72730478443319,691.5776494869722
2182.80768,646.9909442080162,702.5379218106549
2182.81462,-546.0316004419949,682.118219042074
2182.82157,12.966030197243375,685.073549114498
2182.82851,-352.4376955887125,694.5127422188083
2182.83546,45.30145649234021,690.1041675882001
2182.8424,-190.25723092721324,695.7064061401799
2182.84935,-1398.1335313375612,686.8258314707526
2182.85629,2879.6285125202144,678.434005535185
2182.86324,1281.7444024799481,695.9308258109436
2182.87018,-943.2210656518873,688.5051915662303
2182.87712,498.43450595728405,695.9660998347614
2182.88407,-1992.4726812824426,694.4722675376328
2182.89101,9.623251151667295,697.8114287346122
2182.89796,1573.07064320877,700.1115890377288
2182.9049,-1511.5372567562902,687.4081920370515
2182.91185,449.826335847566,688.7004423326831
2182.91879,-1860.3803936486504,683.1289554937752
2182.92574,735.9623205333564,691.2446943583077
2182.93268,957.4045019019181,693.1752688157183
2182.93963,-427.82393737570015,691.4275087702094
2182.94657,1147.506278397242,689.651145109233
2182.95351,799.8769297090726,698.0535984750534
2182.96046,-140.44002103958772,686.0763715223939
2182.9674,-590.0657924055745,688.463360191831
2182.97435,-1050.1826463553605,689.4290996516108
2182.98129,1297.0399880001562,690.653289170517
2182.98824,281.07879763645633,696.2738430810176
2182.99518,1329.6127225516423,698.6897745392282
2183.00213,607.5008831396522,676.0115167263928
2183.00907,-574.3322210896293,685.2070703392695
2183.01602,-1245.7674985145104,701.2993739551306
2183.02296,1940.8098033216604,676.5978343145944
2183.0299,-562.7162137077958,694.4027370099151
2183.03685,-660.0339667457079,677.4882773004555
2183.04379,270.8443561874852,669.4801694316745
2183.05074,122.05241860466195,686.6923102459809
2183.05768,1668.3967705942023,699.1648432830816
2183.06463,2153.5824888748575,698.9399713812433
2183.07157,968.58874166529,687.226960433911
2183.07852,1381.3880929922284,687.8716158307343
2183.08546,-982.5746659934948,695.0941983229582
2183.0924,1006.7109167907979,676.2248567358289
2183.09935,-131.67657421847838,666.6081629347432
2183.10629,-1426.239579565355,689.1106159173331
2183.11324,1554.342963005755,674.4256554055858
2183.12018,1214.8203085606262,676.1761288375423
2183.12713,278.1460791177617,690.3085760339134
2183.13407,318.19396721662844,685.4669901493883
2183.14102,-651.9624334687162,685.6741119815489
2183.14796,382.44808887159047,687.6966024048692
2183.15491,-700.9115858086726,690.0791818213293
2183.16185,149.06463292079897,682.5314451864775
2183.16879,-536.6404568893591,682.77768500659
2183.17574,-598.2040297660678,685.6457344816187
2183.18268,164.27531205675334,701.3673216740873
2183.18963,767.7303098876157,687.6626850742753
2183.19657,1001.6038712654905,683.5209267776731
2183.20352,-380.3982384682578,683.0118276454572
2183.21046,-2641.6240463915274,676.5561159979636
2183.21741,-159.4954557139094,699.7493519469848
2183.22435,-1730.4206016470716,675.7894712687706
2183.2313,585.2479486524653,683.3870663795955
2183.23824,1307.8285255732646,696.1156752626808
2183.24518,-38.38718253521579,677.1241182276444
2183.25213,1399.6918065628183,701.3730876202883
2183.25907,-1739.749111195877,686.2602034542133
2183.26602,-123.01906252659094,681.079218148211
2183.27296,-642.986777215857,683.9031750934676
2183.27991,1163.53617412481,688.6811094542444
2183.28685,1296.291884745021,691.171659039762
2183.2938,1588.7096982301266,682.7673967496431
2183.30074,-1244.5007992745934,702.0768722301138
2183.30768,1012.5718315174413,694.2732858648147
2183.31463,1839.242095702551,692.4874253512719
2183.32157,-662.5180720384126,691.0755599364122
2183.32852,-602.9059893063142,697.5233575401005
2183.33546,1505.8818810530463,678.0904229762676
2183.34241,-444.06570336171217,700.8866000418017
2183.34935,943.0907100446377,702.1070586543425
2183.3563,518.9128857077926,702.8915665109818
2183.36324,117.7741995813033,697.8425196209901
2183.37018,-1898.8267053968682,690.2274005560249
2183.37713,1647.3326385443354,686.7741640704811
2183.38407,435.0366838420518,682.0624815621311
2183.39102,1776.6564805972766,687.0006187810803
2183.39796,-563.0127642349562,681.4073117928236
2183.40491,-1958.9905100399624,696.5684716261107
2183.41185,-1260.7707166449984,675.2158161506575
2183.4188,834.9249510473089,696.3006377721869
2183.42574,-304.0177666637911,669.9100150680691
2183.43268,1300.8976321241491,682.8370403351295
2183.43963,398.99635446840364,692.4446895147234
2183.44657,512.6760539003991,680.453669514289
2183.45352,109.59514836632859,683.0160107828971
2183.46046,-82.00566108348171,695.0470532334325
2183.46741,3111.5094307256923,695.7338791779611
2183.47435,-51.123931577643695,695.5065200052126
2183.4813,-2219.581091900038,691.7626119964781
2183.48824,-1295.5977100455307,695.2464871373252
2183.49519,21.640048323353174,695.8710182513295
2183.50213,-1366.9427018922431,703.1613223469727
2183.50907,-175.29064351376707,692.7014437073201
2183.51602,-169.1754618654373,684.5523528010367
2183.52296,857.0398419989782,697.0788143937818
2183.52991,1539.334431160141,691.6987343571926
2183.53685,1552.5108618648358,681.5155080774185
2183.5438,1373.182699317159,697.9408798797126
2183.55074,-715.8889137101403,678.3643619496986
2183.55769,1304.7865932500574,686.539003911696
2183.56463,-622.5753276643873,693.3652058670447
2183.57157,1596.9033338972567,691.8817748846317
2183.57852,2533.0593065286453,685.8113641126861
2183.58546,155.5817349366676,690.5507457743544
2183.59241,-1911.5437823875516,757.0654575134067
2183.59935,2356.83197940164,747.1392115417664
2183.6063,-650.730556021542,691.7149016181093
2183.61324,1124.3921828862738,689.58037094606
2183.62019,444.097133421396,681.132016126169
2183.62713,1590.5681418311406,686.1956474683161
2183.63408,657.2735482664308,682.8685834525818
2183.64102,949.2773442027521,674.1960350774644
2183.64796,-90.07142841427242,734.3360975891428
2183.65491,135.54529800379876,692.7160281594754
2183.66185,1323.2880448580104,679.9374477426483
2183.6688,519.9677146892661,686.5798177661774
2183.67574,-1031.13964803559,667.5871301534547
2183.68269,292.4222227380827,681.3753164442967
2183.68963,-582.3319626835304,737.1610720543172
2183.69658,-417.7516207669684,741.7844564453541
2183.70352,-483.30477618368064,730.7477570700662
2183.71047,-1391.2989631073326,737.4684761272674
2183.71741,-1036.5245895562307,734.5559949491605
2183.72435,-441.4151770335597,738.2630461253162
2183.7313,-760.171041360362,676.2872646241219
2183.73824,-903.1572364076413,680.0846489574262
2183.74519,338.05290345272203,739.3070215609996
2183.75213,431.03590858295206,676.5927467150052
2183.75908,397.60913564710893,664.2164258390229
2183.76602,1397.7738945754961,677.8421481163195
2183.77297,1843.3168107423453,736.1485266783176
2183.77991,-1622.3718574402922,732.7591678320591
2183.78685,1409.7579049942744,677.0752772715891
2183.7938,218.1436079105263,673.706268823687
2183.80074,-402.3389073984424,667.9286776725363
2183.80769,-2255.267550457822,676.7408523919323
2183.81463,6.485898071722128,676.0384244753305
2183.82158,414.602509679084,678.2909874578468
2183.82852,754.7825950488931,717.0535217849696
2183.83547,-1224.1541318245581,662.9975500352432
2183.84241,-2224.424825882167,710.4568270999737
2183.84936,1096.0287021192717,680.7672917645149
2183.8563,-520.408979160294,725.2360777907722
2183.86324,825.5496355822838,650.0025770492263
2183.87019,861.5984442885806,710.5478386037341
2183.87713,-856.880882776261,712.5869485190456
2183.88408,-1444.7585551274478,714.7720160136797
2183.89102,-1566.6654683838615,723.3705115503336
2183.89797,-85.46522880406982,657.1693090037386
2183.90491,-1444.8113531054057,666.981931917889
2183.91186,801.5764140873694,728.7709419852791
2183.9188,-1129.370568670861,708.351578390004
2183.92574,-1538.2984828260314,701.6262239642882
2183.93269,868.3632558755542,697.3448393234074
2183.93963,140.11237962604966,730.756462518252
2183.94658,1877.7687915242768,714.2995475985053
2183.95352,350.39089774513315,642.981689616268
2183.96047,-1444.1988061148784,717.4139499514151
2183.96741,1963.2605889039785,709.0196367449372
2183.97436,1141.3272191096269,728.3429052731829
2183.9813,511.70002618367243,722.9326388123651
2183.98825,1412.6172490211175,720.42433915717
2183.99519,-464.19778716685613,693.6882119120683
2184.00213,-998.0269495810472,720.9311771340131
2184.00908,-996.1640967270561,725.70911149479
2184.01602,587.8377629588547,724.0141494272391
2184.02297,688.3321001224322,718.9795739316343
2184.02991,328.4774757371922,719.7254160313963
2184.03686,180.25670600157198,723.0425309634895
2184.0438,-1824.468384842416,699.14743238671
2184.05075,335.41990107870964,725.566093417452
2184.05769,-2013.1759329347894,717.5981210565407
2184.06463,-685.1737182975189,734.6990130264986
2184.07158,-1300.2821456316367,732.3252521159931
2184.07852,-1492.7150602586864,729.0920260482357
2184.08547,1089.7838432103042,723.2527053554038
2184.09241,-1028.496244346862,724.0809665685092
2184.09936,-2197.334036416821,722.6788241217533
2184.1063,-1433.0516492996223,728.7864308995837
2184.11325,461.07072234385777,724.1090048951337
2184.12019,-492.7461173855954,728.0548340786711
2184.12713,1561.8953350091213,726.2708955471952
2184.13408,-402.4879175375188,730.8954105159187
2184.14102,-511.3450247901218,732.0426076943764
2184.14797,-1505.4466086437567,727.4065608332511
2184.15491,1243.5827701931823,731.555102595972
2184.16186,151.10374283611029,733.878778914967
2184.1688,-443.63484020539977,727.8645578540388
2184.17575,173.56639948413664,732.2111768274287
2184.18269,-712.9566474225202,733.9598413350867
2184.18964,748.0348551849852,732.0608099951286
2184.19658,-242.40230027127373,727.4883015999826
2184.20352,1050.5717911950424,737.4145475716231
2184.21047,1714.5026331104636,727.8872824655367
2184.21741,-1342.246589024602,727.3830448173726
2184.22436,897.7556753950095,723.351178671895
2184.2313,634.3556079840642,731.2999312121365
2184.23825,-20.54044846549579,735.8595510216567
2184.24519,-1524.0785289167281,725.2775699918656
2184.25213,41.32204915151474,733.9719385163319
2184.25908,917.1181749689754,732.8688338676463
2184.26602,4477.424098327631,730.4904375886263
2184.27297,-80.12698014188,728.1595255724379
2184.27991,340.9669674395899,721.7058489647801
2184.28686,496.30845461788334,726.7366935540196
2184.2938,-1201.0515682059918,738.0232505980167
2184.30075,220.4441073869488,739.438733861473
2184.30769,815.5693479972305,689.4353178288864
2184.31464,165.3905138866841,724.5177087287914
2184.32158,-910.6744474449586,717.8453783965708
2184.32852,-156.13051734567853,723.9883722559878
2184.33547,1599.8188676351172,739.3745170488817
2184.34241,-1202.294864487799,731.0083552267968
2184.34936,-2606.85686055061,717.0451555100898
2184.3563,990.5573358643304,725.2552976114423
2184.36325,-651.9480751320981,723.8138110611973
2184.37019,2785.1281590769777,725.9819198905344
2184.37714,113.20474374591083,713.5615064847799
2184.38408,-659.9635317558411,723.3769558431466
2184.39102,1707.2065630686193,723.7779717485363
2184.39797,2643.336758528756,716.4248075335254
2184.40491,91.39816132934108,722.8537244898497
2184.41186,-526.817206544956,725.2909108085659
2184.4188,-1185.6254009629965,733.6552637063526
2184.42575,701.0150336669843,732.9376860487521
2184.43269,-663.9467830608004,725.0903463269868
2184.43964,2087.08326605011,720.8256942358657
2184.44658,-679.6626043070682,728.2788015183602
2184.45352,-251.87201897311886,721.0399387074511
2184.46047,-539.1584795126578,723.9872416783012
2184.46741,-1088.2871844689594,730.1539776691338
2184.47436,380.3068877911912,725.3865576808411
2184.4813,-1961.4842252430021,730.7218668410461
2184.48825,-558.1061701334593,726.563489052453
2184.49519,139.3990981636579,725.1073049922837
2184.50214,1211.8815979801936,721.2946578602122
2184.50908,-125.08768051951914,729.6076825310331
2184.51603,1443.8407521615743,734.478437319869
2184.52297,-152.1196799451693,727.5188271975173
2184.52991,1382.1555291258019,730.550697379315
2184.53686,539.570235906069,720.8331560485965
2184.5438,-73.10394461131742,730.0204564443621
2184.55075,-1113.5546912993411,721.1827306692519
2184.55769,218.7312821919517,731.5600771377925
2184.56464,983.6568549549809,722.631565974459
2184.57158,-645.7837133544069,726.0034008665773
2184.57853,-986.4269964023615,724.8472721243965
2184.58547,-602.7474823146715,726.8914696392968
2184.59241,-1033.1205332000482,723.2381209032483
2184.59936,-66.86971313260277,723.4711329644291
2184.6063,-2555.262043366553,733.0975497336186
2184.61325,-225.0947387002295,734.884427767079
2184.62019,1178.7466271452272,721.1433865657629
2184.62714,592.2968744120479,726.2920373499322
2184.63408,-1579.2956039504556,726.9437023284116
2184.64103,-1325.5238752907667,732.337123181701
2184.64797,-3660.715241080211,727.9638225749106
2184.65492,827.4244725597515,732.4856810897028
2184.66186,874.946835859387,732.418072544052
2184.6688,-27.553195739111345,728.0821940586836
2184.67575,206.4441638954316,731.0776596389771
2184.68269,-1692.4567073976689,732.838873558955
2184.68964,-705.2422636366832,720.776966337579
2184.69658,-1361.40004478434,725.8723669127157
2184.70353,-1555.9778913981545,722.6825550281186
2184.71047,1901.1699407098392,736.0951634115163
2184.71742,-554.8118928706325,735.3547480846493
2184.72436,1825.1371215439613,727.6070122570617
2184.7313,360.27779961328446,729.0394541858149
2184.73825,-639.781250301418,735.296297218259
2184.74519,363.4288326832357,733.0389858094595
2184.75214,65.13269357511531,732.0485997561148
2184.75908,-3074.284255936627,736.0429307224016
2184.76603,483.16187116411123,740.3671642575994
2184.77297,809.8716886885128,739.2674513419732
2184.77992,-1955.3423619612718,729.2889726812182
2184.78686,1660.857513291999,724.2172011797286
2184.7938,60.58867573766833,730.7529577274239
2184.80075,-374.61635112189833,743.7626282233648
2184.80769,-501.50131098959366,743.5192148474686
2184.81464,700.5239107199832,734.591721204053
2184.82158,1948.9391091184305,722.9654255652727
2184.82853,-1848.4979091061166,739.3369818696909
2184.83547,-1219.1406981316902,733.062840998644
2184.84242,-2234.067975201116,733.3088547032191
2184.84936,793.2844181615167,733.2975489263545
2184.85631,1206.0259969686765,734.117783037886
2184.86325,2562.9972297818204,742.2569248605286
2184.87019,416.5544520547688,746.5166024098291
2184.87714,-251.5808952188536,740.3296290784087
2184.88408,-1400.8431868787159,732.6114013284379
2184.89103,-502.7408763650357,746.8664031460219
2184.89797,-1458.0931536504793,750.8105364630296
2184.90492,-291.9109755082624,737.9888810363481
2184.91186,-799.8188180159882,737.1996247534257
2184.91881,1990.4474774726743,748.7662258903605
2184.92575,652.1007031197711,725.7856516041638
2184.93269,-2214.866469889703,743.2277519198975
2184.93964,342.4379620674518,739.5318934628378
2184.94658,1475.3489347634836,732.5781623444557
2184.95353,-895.840137620829,739.2633812623019
2184.96047,126.46393273725502,746.0565703492058
2184.96742,-283.80382903414704,745.2291005404808
2184.97436,342.3945478842914,749.1529965169009
2184.98131,-1865.1417085174362,715.1473678055867
2184.98825,-406.54680448970277,741.4712864262027
2184.99519,-400.0683682307113,727.5412126357093
2185.00214,1837.200272400792,717.5923551103396
2185.00908,-688.395525530643,728.6174095354569
2185.01603,-491.5503053666196,712.4925452822256
2185.02297,-989.7115506970847,740.6814648544372
2185.02992,1713.6401153934582,751.4299799774448
2185.03686,-1066.7564630078878,743.0106810040959
2185.04381,295.24437075904086,759.5726265909152
2185.05075,-1712.0423830069435,766.0702826705767
2185.0577,1949.9807103409719,749.9545760966057
2185.06464,1087.8081587032036,748.5106022754504
2185.07158,-283.32118541979435,735.3347368595988
2185.07853,-258.1778160193868,734.934060127515
2185.08547,-943.1885050145171,746.6368958756692
2185.09242,-104.24061938545366,763.2219052472924
2185.09936,-463.46675563478675,753.1873499332886
2185.10631,-1510.0627573376003,746.6979470707383
2185.11325,-2144.314578290047,745.7175101010345
2185.1202,-1469.6503709926167,768.2899458424167
2185.12714,-2620.7472510643083,761.2631794054889
2185.13408,1203.5061654210797,749.2831260086132
2185.14103,-2119.643338131508,772.0201738611449
2185.14797,57.97613681978111,765.2021120651389
2185.15492,-672.8470297819724,789.2047285799015
2185.16186,-2219.039092957146,801.902585749915
2185.16881,-1180.819315217827,758.6040606869193
2185.17575,-60.27516654521109,771.1871642217562
2185.1827,-946.4879829347016,813.9612142960002
2187.22437,30.380770532964604,811.9243655360617
2187.23132,585.4865005443098,789.4168249538826
2187.23826,1143.3899580985856,783.750256531543
2187.24521,93.62291210077026,770.7730336152035
2187.25215,7474.484358447919,759.6316427461487
2187.2591,706.8812621087541,749.2679762676145
2187.26604,1279.527000463481,741.8836081084572
2187.27298,-112.53962489296246,738.2597674500255
2187.27993,2115.798130362066,747.7976599863646
2187.28687,343.9395953506168,745.2304572337046
2187.29382,347.07140859989823,738.5482908756118
2187.30076,38.58277247497453,727.346753273637
2187.30771,1291.109203572489,747.7133188909542
2187.31465,41.94850224758592,741.8317145926484
2187.3216,561.9270704826422,755.364051153043
2187.32854,569.0978725168258,738.4710724196261
2187.33548,-172.75453164748492,749.2131432498209
2187.34243,-399.21738240610784,745.6151928204091
2187.34937,155.71536921920801,749.0668464971919
2187.35632,350.66234944765375,743.5849014110522
2187.36326,741.7088207981294,740.6983104619655
2187.37021,1610.0153216738229,731.4276864907072
2187.37715,2298.239564684966,737.7435456783847
2187.3841,-40.38649611596351,745.9066557479804
2187.39104,592.3986264038299,743.2898206348844
2187.39799,-229.68544939612758,729.8513220224667
2187.40493,-1062.4947504187514,731.1379194296659
2187.41187,1030.4828954575214,730.3771537044424
2187.41882,2249.704429893794,745.8955760866529
2187.42576,9.96762511496503,733.8237197816361
2187.43271,-380.26946566976915,735.3078291106609
2187.43965,-1867.4840393682578,735.1194748680955
2187.4466,-705.3042192939017,734.4205517423219
2187.45354,363.7339756008131,740.281240353428
2187.46049,1634.2060663156137,730.8602495498695
2187.46743,1192.0462908177471,729.0551692156569
2187.47438,-204.73993109085168,737.9053313453181
2187.48132,2007.1517627902201,733.5301087564607
2187.48826,1868.1580897849292,719.8337253737599
2187.49521,1611.2729762922486,725.1880282390975
2187.50215,933.4405511440326,735.243499240301
2187.5091,-557.9095626737826,732.5910509300816
2187.51604,3485.5887574465187,740.2377131124989
2187.52299,4164.306537981007,728.187676956831
2187.52993,793.4085555914907,735.3899090506985
2187.53688,1905.4001101815231,742.1159418230261
2187.54382,-379.95618259284925,734.5330442221252
2187.55076,1771.0222466967698,730.9710461631433
2187.55771,2941.7708281146256,737.973505179812
2187.56465,-18.342718500773056,728.7641585191603
2187.5716,1277.9783351485587,731.2115200370547
2187.57854,-730.5745525684994,732.2493903532312
2187.58549,711.4008594681733,742.5514403478531
2187.59243,1053.1042852127277,733.6648736166876
2187.59938,626.4486868182221,736.3289668770777
2187.60632,1410.0423583401894,734.7747617314918
2187.61327,-2377.83325133214,735.2934707740428
2187.62021,1283.9802329127049,719.6583727745889
2187.62715,1373.1296752236635,742.7979062835028
2187.6341,-815.5146280372055,710.9282779952302
2187.64104,-1086.5082204793043,709.966156384047
2187.64799,-639.8669480900522,731.4041704748288
2187.65493,-380.92248734147233,712.0206421558944
2187.66188,679.3861780627271,735.2655455051871
2187.66882,245.49443024376012,746.0985147813736
2187.67577,-888.4719367225882,713.8481079282992
2187.68271,604.656914969345,725.3795480991851
2187.68966,-407.1212510121965,712.5277062482747
2187.6966,-711.1280510724289,710.5116601177673
2187.70354,-778.435410827463,708.6415715665828
2187.71049,-1297.680686375077,708.3818778720013
2187.71743,-1194.4140596665143,710.0035785054692
2187.72438,1470.1869431626137,707.6229210710762
2187.73132,-880.3091658262985,713.4608850706844
2187.73827,-1500.8767005772895,710.7944175971526
2187.74521,-739.0563724879099,709.3045423219268
2187.75216,-1308.8588210189419,712.9772239364139
2187.7591,-276.1435999194919,713.2349956489282
2187.76605,-355.75288853873866,705.5656088550128
2187.77299,-502.582369373393,706.3769114028213
2187.77993,-778.7624869521577,711.9178726441945
2187.78688,-669.9856507152938,714.6111348088956
2187.79382,-327.869903288485,710.4839609644489
2187.80077,-1359.5084752571127,711.4898359320982
2187.80771,286.3025187790071,704.7669687772927
2187.81466,-1813.0198160159482,700.2615036389542
2187.8216,-983.2164949461022,706.73123444976
2187.82855,-176.30884177819894,712.4054908003676
2187.83549,888.1329895321855,703.423277196927
2187.84244,1344.5986428435272,708.523087025041
2187.84938,-245.81732323101505,703.6235025052002
2187.85632,-1835.4534168174325,708.0482443967251
2187.86327,800.836450991577,700.460598369541
2187.87021,-1806.7453359715953,698.2399176777831
2187.87716,-635.5881637778504,696.4741814470594
2187.8841,-272.50336588460635,703.2804852351262
2187.89105,-733.6967559074459,697.3577279090331
2187.89799,-201.25537760339267,705.7272814641775
2187.90494,-1708.175242030384,695.8433190980111
2187.91188,1840.5256405499968,708.4983273737074
2187.91882,-1792.5297913152688,703.8435129229866
2187.92577,434.8231177170783,700.2573205015143
2187.93271,811.1898292131644,705.3922912956774
2187.93966,843.3252563155253,701.6166140539532
2187.9466,-1478.4503354729989,699.5304721068849
2187.95355,58.37116066343255,702.4413704762308
2187.96049,-1037.2815113173203,702.6549366012043
2187.96744,-1676.325964140468,697.2563150905571
2187.97438,367.31519348046504,700.6681724327764
2187.98132,-408.6871011079529,697.2389041941855
2187.98827,-886.0726247563684,693.0775869036074
2187.99521,-752.5222310803402,693.1586493237272
2188.00216,-1337.3074342857346,693.902682499191
2188.0091,468.58465470588425,692.4350796043885
2188.01605,507.1837074995439,688.7845573125561
2188.02299,3579.6248956916925,728.9432420246966
2188.02994,-66.69571722665552,692.9770785472806
2188.03688,787.0394461947806,685.5156049899064
2188.04382,603.5579934580995,689.4690090439432
2188.05077,-1350.275386465045,694.207938474537
2188.05771,-1155.7074889348717,687.8856349940465
2188.06466,-1053.844926655132,722.3241619015087
2188.0716,423.5121401950535,684.0439320154327
2188.07855,-1563.3079918283613,674.9909442488191
2188.08549,-884.7111831063253,680.526591775066
2188.09244,-1783.6745415860187,690.6826841903651
2188.09938,792.9323562699509,723.956603022998
2188.10633,2736.4943248537766,731.7177927250546
2188.11327,-1066.5123712853797,730.8675983048316
2188.12021,646.6200016690864,719.9726733714266
2188.12716,-584.1965114040512,681.9222899290091
2188.1341,-255.662393724767,680.3962361678165
2188.14105,-1568.397061168454,706.811844638805
2188.14799,-600.3226192927377,726.3382779773087
2188.15494,653.2455260850872,706.3322535842059
2188.16188,249.8679569660879,722.1394255075401
2188.16883,-490.5414908969853,690.0098774091488
2188.17577,-843.13938934387,710.8862205052936
2188.18272,-822.787860409783,687.0409804044872
2188.18966,2269.997394903722,706.1225314233662
2188.1966,25.18056540629232,709.1242151809354
2188.20355,2032.3832041924036,714.135161602893
2188.21049,1350.1074956786047,712.0559161797122
2188.21744,-372.3199217251472,707.8246161303418
2188.22438,1273.0693668339204,702.8221490410326
2188.23133,405.6715112448403,684.7895479996574
2188.23827,1223.7649869848765,705.5424320124403
2188.24522,-1202.823748729528,725.5717463058843
2188.25216,-588.9544345397777,688.3822977717114
2188.2591,-1316.8714511984688,722.0970288442976
2188.26605,1009.5741047817748,711.0080967798948
2188.27299,2211.1690286238822,748.3156906823035
2188.27994,2463.691695055563,719.6682088004611
2188.28688,1060.8868428330584,731.3719490107644
2188.29383,1484.9466348594365,745.3661265560806
2188.30077,-495.90721259695636,743.7527921974926
2188.30772,40.251279024662104,748.9190799935709
2188.31466,-773.2705927823771,748.1065338103073
2188.32161,2805.8679283885976,742.1274737154281
2188.32855,-2051.471086446327,732.0535742979353
2188.33549,1278.1167178573826,723.3094603552645
2188.34244,-2289.3549199358677,742.8891439028008
2188.34938,-569.9799492278072,743.8029898467717
2188.35633,-922.2643384822347,715.1011271782103
2188.36327,194.16609022040322,720.4823377924857
2188.37022,-384.24412458431146,736.4523129026711
2188.37716,849.9565466777271,748.9015560394307
2188.38411,678.4321966108865,722.5932393908878
2188.39105,2030.6053707804347,747.7749353748665
2188.39799,-246.06424139773935,728.2652345861226
2188.40494,1528.2589529702072,731.3082974870163
2188.41188,2784.069712246908,744.7522228723292
2188.41883,695.4426423659272,713.24404027042
2188.42577,224.6076858328997,717.1060936473904
2188.43272,-1139.6895773307801,711.6882523160732
2188.43966,536.8419258330877,723.9302605629033
2188.44661,-898.0592355038259,714.3769921700283
2188.45355,1759.5631634978176,737.8526464251288
2188.4605,-201.12931819135167,742.8698110243621
2188.46744,-719.7329909018956,738.4237012145633
2188.47438,1027.3892957340427,703.0394460723716
2188.48133,1118.9262920032818,742.4412090234226
2188.48827,-385.3773025994571,740.6925445157646
2188.49522,661.4082969813769,724.4012592270853
2188.50216,1225.7787719600108,713.3446616845156
2188.50911,-461.18038837944516,715.2175766799162
2188.51605,-490.97382380429025,726.9191687926152
2188.523,-213.40614823092486,717.5215809471667
2188.52994,-1138.0563448049102,718.6734134941391
2188.53689,99.02187278472334,704.7445833391007
2188.54383,384.3701839963525,744.8543140374171
2188.55077,945.6925084745036,700.581231008687
2188.55772,-613.4291802964088,714.8484430652849
2188.56466,-1842.9668969483841,739.063721242872
2188.57161,-1684.926607774726,694.9689303152976
2188.57855,-331.78520687448787,698.5562533144565
2188.5855,2217.156681109179,704.3349750432938
2188.59244,2264.7736737611717,705.9702426089992
2188.59939,-1009.3429016448924,707.4059632130433
2188.60633,1847.225896151073,716.9033810682068
2188.61327,-22.938177622954278,703.8508616779487
2188.62022,-102.69444134144184,712.4294590473207
2188.62716,-363.3570410001452,712.5176441068651
2188.63411,242.80286394558883,712.3487358005071
2188.64105,-504.1710571384161,715.0482161424836
2188.648,-2684.4224038860307,722.7604518307163
2188.65494,875.1870836177611,713.9712278383554
2188.66189,490.9366277984054,725.7123901700808
2188.66883,-1475.9190850907685,733.4534555893183
2188.67577,560.9548867300493,705.0307325515454
2188.68272,2808.8723255326145,746.8411912636137
2188.68966,724.6661535790246,741.4180362171702
2188.69661,-1086.8745276497193,731.783253173101
2188.70355,-609.3889478760514,707.234228462469
2188.7105,-1.3430132337538099,716.3680525336648
2188.71744,3563.845649037214,728.3100054625066
2188.72439,-1216.4319470526846,738.447104172673
2188.73133,784.6082519378026,712.6992148833117
2188.73828,2119.007162067333,717.638934911022
2188.74522,205.10567297242366,722.4854953373675
2188.75216,380.6158746729026,738.4772905969016
2188.75911,1370.9230136952178,732.5597339281662
2188.76605,-2447.3200256933756,737.0127402618527
2188.773,1430.7176847236806,744.987156915577
2188.77994,-1347.8664645884905,741.5786913064171
2188.78689,2245.715525700402,737.2993417053721
2188.79383,490.2785185271132,730.2864813739877
2188.80078,541.777123550052,731.1505818997542
2188.80772,-2140.6750226017734,740.0683525750663
2188.81466,2671.784128160094,746.2156426296916
2188.82161,875.2282366455485,731.6577590499032
2188.82855,398.26724491840116,737.3997370039303
2188.8355,488.8070716681768,696.455413857464
2188.84244,-341.10715907271174,717.684723307324
2188.84939,230.38946012149034,733.7710348614468
2188.85633,649.0424904778786,702.7396168699206
2188.86328,1536.550270549448,695.3616930035762
2188.87022,1366.668197629969,745.04119852899
2188.87716,-220.86943071259756,704.9457131095231
2188.88411,1434.3463868661643,702.5491145297509
2188.89105,-981.0852429493438,735.9385784019407
2188.898,1043.320265914045,754.998309271471
2188.90494,1047.6771731443816,754.4153834163287
2188.91189,18.671942723072164,712.6621319351957
2188.91883,-468.4570124850821,738.8668876676581
2188.92578,-1107.7703166820716,745.5897548224638
2188.93272,437.0382585781725,768.1313257930054
2188.93966,-898.7984071952377,751.9679088406656
2188.94661,-97.10870922368444,740.735619525619
2188.95355,-1178.5064924446217,733.8445224110671
2188.9605,-361.85993002772597,741.0901686880949
2188.96744,-295.64945674410194,730.3408621607068
2188.97439,-1038.3753452289768,754.1677869029926
2188.98133,2963.129588709586,724.5784207505546
2188.98828,826.240757722021,707.8229202638122
2188.99522,626.1245501955121,726.9026623583928
2189.00217,1188.6156658859327,715.288690016395
2189.00911,861.2411817396571,757.8133346530044
2189.01605,1210.541411190656,714.9152602065551
2189.023,347.3428603024189,729.8097167636048
2189.02994,788.4716620079964,712.3713473542364
2189.03689,-967.509153032483,737.5451292944099
2189.04383,823.768297379487,728.4160536494973
2189.05078,2806.412075429094,752.4946449847904
2189.05772,399.3571218081551,740.4630372454118
2189.06467,1169.8380141491755,754.5751340434265
2189.07161,2063.460636695769,731.5956903349162
2189.07855,-1657.9693395341515,740.6033419363023
2189.0855,6.033553939366791,738.9186681256982
2189.09244,-1129.7205955225913,747.922927994025
2189.09939,528.6520210723227,729.2041793547331
2189.10633,813.3407532616673,763.2896268507118
2189.11328,1324.7328100835462,731.4513155643544
2189.12022,581.397427167897,734.5883294709935
2189.12717,-581.3065287219052,743.38625891154
2189.13411,-1724.827294658815,733.1440164765322
2189.14105,-756.8482735398364,733.7598421423507
2189.148,-1450.3093523946936,745.8636937958946
2189.15494,993.8472038741799,765.2599976426859
2189.16189,2027.3879728002873,751.9754837111649
2189.16883,-72.31921063914095,749.5745889361842
2189.17578,327.5436185681707,729.8557312754439
2189.18272,1250.7213507633019,741.989882410985
2189.18967,1811.4244578425753,754.5130653284394
2189.19661,222.5387286666656,744.7544840277021
2189.20356,393.3298991038325,736.5331492072535
2189.2105,1431.5683313749782,741.0444933495617
2189.21744,1591.4011514705292,751.6611831143272
2189.22439,2481.375852053969,744.7451002329044
2189.23133,1816.764176255757,746.9514225880442
2189.23828,-1715.7570090535985,750.3325282171915
2189.24522,-679.4912087298,749.826481644729
2189.25217,-2.725822802071219,758.550358246812
2189.25911,-75.80998230387549,757.7196097627963
2189.26606,269.37924056359293,741.63024564892
2189.273,990.4100215917837,743.0076284443425
2189.27994,-864.588483095979,741.774846535019
2189.28689,-2178.906185416257,760.7036565084566
2189.29383,1315.463768921049,759.1055849486359
2189.30078,2242.2531315355977,749.156162134423
2189.30772,1099.8332090920007,730.2880641827488
2189.31467,-919.9436016652246,740.2382784013422
2189.32161,837.2536019081243,730.169918814513
2189.32856,-685.6765992524593,740.4480005621818
2189.3355,1489.458770406125,743.0001666316117
2189.34244,-617.171618554151,750.1061865643609
2189.34939,71.46799869900012,743.3200070591132
2189.35633,-104.20602370824781,747.7388699466683
2189.36328,3167.328425319695,740.8001755115162
2189.37022,4.51891901280739,732.8764087381456
2189.37717,-1516.8048443130758,747.0997543805087
2189.38411,1091.9400809739336,746.7755047000301
2189.39106,-69.96184310508919,738.7309922297449
2189.398,-1238.4158040504924,742.3842279080246
2189.40495,1754.0139490393335,745.6132708383423
2189.41189,-256.22734339469446,740.8019844358145
2189.41883,1896.2911588194295,735.9860626647724
2189.42578,1338.5134215038888,732.2733586001843
2189.43272,-1172.3211019219625,733.8124140047714
2189.43967,-102.19110815542683,731.2886254352718
2189.44661,174.67470479018,737.32624945431
2189.45356,-1864.050927165533,732.7384782603966
2189.4605,1060.0255687515082,733.9207233471349
2189.46745,651.7549724632496,734.0006551895681
2189.47439,-867.8529131078831,735.9551978939318
2189.48133,-2205.1117325530995,737.9830020323784
2189.48828,1306.895685924161,742.5106264933717
2189.49522,-937.3387830069697,739.4267497379965
2189.50217,43.355167005087786,733.1872045441554
2189.50911,-1131.3327993034927,731.5009479247904
2189.51606,1539.3936734309118,744.1194385412138
2189.523,-149.97214762972584,738.0770660958925
2189.52995,572.4166833154488,737.3831175119392
2189.53689,-395.69676349045056,732.3034319666443
2189.54383,2320.338853664562,744.4824670363382
2189.55078,78.67531839245673,724.1656468372257
2189.55772,-1406.5320276814791,730.0160471913849
2189.56467,693.2955622815583,733.3460507091039
2189.57161,131.09964042507443,741.6816869336542
2189.57856,-1427.6852492530395,740.2340952639023
2189.5855,645.3038961842706,730.92537082461
2189.59245,532.4558496984399,725.3382820136289
2189.59939,274.6586991860865,729.6309724313744
2189.60634,1838.5403461325611,733.7651558574772
2189.61328,371.0396555529923,739.1387916012534
2189.62022,374.01058759748946,735.9892282822944
2189.62717,-2321.11510830409,741.0556860686577
2189.63411,-706.6011049580476,733.5852809475602
2189.64106,-624.776223246632,736.129532973185
2189.648,1462.1827923157355,734.1272798904524
2189.65495,-134.32359575580284,733.890649980675
2189.66189,-2490.1191745922597,729.0233999826671
2189.66884,159.82558439835768,742.0274175901758
2189.67578,2170.201754750381,741.9864906779258
2189.68272,-1174.042745622914,733.7155234970413
2189.68967,-1665.0669931920206,729.5841665151546
2189.69661,-247.28402166366823,740.0842937204455
2189.70356,561.9183650344563,738.3615194418074
2189.7105,1805.0554615036335,729.3019743246125
2189.71745,1008.8439777118547,721.1754949720585
2189.72439,533.1832633819126,734.2266576690929
2189.73134,-1339.4296416610016,754.4580061951085
2189.73828,1579.7637761704216,739.2389607842744
2189.74522,1197.4599490116243,755.2630905656415
2189.75217,-243.9864657255509,729.6323291245981
2189.75911,-1737.6823021272469,733.9117917834119
2189.76606,1047.0853157255162,728.0344836803148
2189.773,411.9820567173915,715.8788515687307
2189.77995,-1516.4971010668194,725.2574457090466
2189.78689,897.6931544489479,727.7475430634894
2189.79384,-22.211894517167995,721.2458169041566
2189.80078,1180.4280222805405,728.0340314492402
2189.80772,194.19706804901244,737.4615796033801
2189.81467,971.0241190597078,743.0878994600815
2189.82161,-333.4350588923487,716.4471929717175
2189.82856,-2291.677578734945,723.7344445076072
2189.8355,341.28319001849474,716.4440273541954
2189.84245,286.43705752369664,719.8858450051059
2189.84939,714.9191041706891,744.2321571365544
2189.85634,1450.307882643701,727.3785225066268
2189.86328,-2348.598886573253,723.3546834627231
2189.87023,-963.5870659803613,733.8084569828687
2189.87717,1107.7953024489425,736.9997386184584
2189.88411,-1131.3019345326522,750.3069771614773
2189.89106,-2275.379170806841,744.5351519565276
2189.898,983.8761870261554,733.4016751312781
2189.90495,854.2777276531714,730.8891923386432
2189.91189,117.72818506946415,729.9080770223273
2189.91884,2254.0339771441186,739.3893276165743
2189.92578,-562.4863672641372,723.6112115397824
2189.93273,-1924.003313781258,723.526870444372
2189.93967,121.89278103533286,741.9509905385706
2189.94661,981.558050537824,728.0375362400682
2189.95356,-445.7063977003126,732.2877169368024
2189.9605,-9.621329169600239,748.6994087490904
2189.96745,565.2892954644254,726.8445506653086
2189.97439,-1088.2399263216653,728.2068967775008
2189.98134,646.2056449469964,735.6706314902481
2189.98828,495.385450994652,730.0444246913152
2189.99522,-373.62969597491895,729.9319322115117
2190.00217,727.7577182626676,726.2651296009943
2190.00911,-2538.630001963172,728.0849074451311
2190.01606,2111.8830528916005,724.9703920344526
2190.023,1908.0810490494416,711.118441162094
2190.02995,1004.4519095154687,724.6014845353585
2190.03689,1284.9722017748106,727.442739319218
2190.04384,1335.9808144284345,747.9961894281081
2190.05078,2250.1653664165665,731.591281081939
2190.05772,2782.624155616991,736.1540665089813
2190.06467,527.6787067420436,740.2629249949073
2190.07161,-781.0408271059255,727.4075783531689
2190.07856,281.21412778552644,736.0447396467
2190.0855,-1672.6230961017523,738.9659262729926
2190.09245,3432.099544291018,743.9413725555953
2190.09939,-1815.770850700428,743.7195532135105
2190.10634,-863.7984354086761,736.3088425942585
2190.11328,-810.5101259080607,745.1348103614295
2190.12022,-629.7698718299866,742.380270886122
2190.12717,-3374.3959897514437,736.992163747959
2190.13411,-239.68608737953744,734.566735437182
2190.14106,-1077.000740482731,736.862260371784
2190.148,-49.14711649285675,732.053009009092
2190.15495,2753.4685921228506,740.7072420256886
2190.16189,-2260.4200452061255,729.4033871430886
2190.16884,-631.785691844957,730.077776733066
2190.17578,839.1811238057816,723.0378955949751
2190.18272,-495.39833958027765,742.0702664844928
2190.18967,1032.6352892570167,737.7525902998765
2190.19661,2105.182232001681,730.0111857073331
2190.20356,270.86188014162536,732.8336729015972
2190.2105,-622.7722742973697,736.7906948042306
2190.21745,119.79047182734797,739.0445014222021
2190.22439,734.3591613739467,731.47924083321
2190.23134,137.8886463745383,721.3799034177716
2190.23828,99.85160374882132,747.4263782741289
2190.24523,10.191140323579479,733.584376485411
2190.25217,723.0866234932618,758.2426150005558
2190.25911,447.5425689209032,742.053873108039
2190.26606,176.9570019658503,745.5249727210291
2190.273,501.02929480549375,764.8971952630989
2190.27995,1826.9319136212268,736.670966627234
2190.28689,-600.3464744819223,759.3254823086536
2190.29384,1720.4890419603046,731.1508080152915
2190.30078,-586.0852544870626,754.3022125899134
2190.30773,-1426.3757011188052,743.3291647383736
2190.31467,-627.5654714569138,754.282540538169
2190.32161,104.65226272109615,748.5879337892047
2190.32856,200.8081210706265,733.637852809981
2190.3355,501.3111478227299,760.753401926661
2190.34245,1461.0256460536368,723.5514039801683
2190.34939,241.80230269306585,753.0502108599202
2190.35634,1582.2914087040551,729.7575971322586
2190.36328,451.74277808389564,744.3712181919899
2190.37023,-464.4819013394652,745.3863638966684
2190.37717,852.6406511631677,735.4181734928601
2190.38411,-672.3971729205272,730.9626798882634
2190.39106,304.5743500588386,729.7573710167212
2190.398,-2729.858286065292,739.3765520887173
2190.40495,2011.9188436052068,733.2585439961714
2190.41189,3335.9488865988455,724.904027124257
2190.41884,120.63783980335478,736.3585880124631
2190.42578,-168.48987955636383,736.3011546659906
2190.43273,1137.1257663111794,735.4026845785555
2190.43967,-1130.4100217957985,752.8282784600667
2190.44661,794.7490815543342,737.6907477004268
2190.45356,-556.4110950081397,736.1086172859852
2190.4605,-203.64112263737474,736.2489219768757
2190.46745,-910.6447132518044,754.3097874604127
2190.47439,420.5900491066117,741.7567572920357
2190.48134,178.29775404423117,745.9444170427082
2190.48828,936.9322272709164,734.3644750890732
2190.49523,1409.713586348965,749.1433866065659
2190.50217,1405.1181272267838,734.5488723097358
2190.50911,51.45699976407679,729.7283151701791
2190.51606,-33.39059444987624,722.4051112638598
2190.523,173.5917244243135,745.5316431293793
2190.52995,-2475.302954011113,747.6656085125852
2190.53689,-761.2743721245849,726.6001197694943
2190.54384,2344.3310688646093,752.4589187298981
2190.55078,779.0456966626177,734.4562779972142
2190.55773,1559.0268333030178,741.2180370244342
2190.56467,-274.26073584045025,759.8368425962425
2190.57161,-408.6182489268471,735.2851044991629
2190.57856,-1764.3643877589361,728.9305795546082
2190.5855,998.7089140415238,730.9955796989397
2190.59245,-2510.8822338042205,739.5611754249173
2190.59939,-134.2925048694251,751.0410612533002
2190.60634,1371.1909606069105,722.3371635449031
2190.61328,-653.4482386642708,718.2902607161955
2190.62023,129.17991951345394,718.1525563539838
2190.62717,-421.14685861719653,722.0131399799617
2190.63411,772.2474199761247,713.7317714843618
2190.64106,-232.55779506636495,726.7648449384126
2190.648,-374.2820393000102,718.3990222896336
2190.65495,1147.8830999401414,725.0148237375307
2190.66189,-620.5827975497583,719.0384770290992
2190.66884,921.0240947601807,722.5353538133406
2190.67578,-575.3272425114886,713.0022097032848
2190.68273,-878.3129048053045,733.4950608481802
2190.68967,-187.8198184929596,715.526450503859
2190.69661,291.5027239056793,715.8523960508674
2190.70356,491.8052506349178,741.3645598926004
2190.7105,315.50274009176314,719.5973215795196
2190.71745,-7.789793317524241,747.8201584823253
2190.72439,719.9968677339169,723.253270644247
2190.73134,1196.1758388753353,746.2670839144259
2190.73828,758.1557866342351,726.0673915636313
2190.74523,1119.2756405083999,753.1348911286365
2190.75217,-654.1818705250189,730.4417096903396
2190.75911,-706.6894030753606,730.3223206866487
2190.76606,1032.0101928541694,717.3751711367694
2190.773,-750.1289111758589,742.3604857766088
2190.77995,2324.643641263553,736.572041079668
2190.78689,-68.56897139536221,728.1677787895492
2190.79384,-398.91359618175426,723.9795537500332
2190.80078,-539.0603453694725,722.2775821008262
2190.80773,-2077.9539642896602,744.8843874038771
2190.81467,3444.721087467195,724.9667741858559
2190.82161,655.6269749238608,737.1494271041465
2190.82856,-667.0104224755881,740.2937897657478
2190.8355,1351.0848800885553,733.3327098924036
2190.84245,475.5521788720412,728.6184270553747
2190.84939,1794.3644927848673,735.3100902660339
2190.85634,-26.864447812515845,716.7369600327589
2190.86328,348.40809059860777,705.6475757372816
2190.87023,-1186.1659301548966,722.8511241611709
2190.87717,1268.060568509567,732.5050139681413
2190.88411,732.7020736588925,731.387437925069
2190.89106,165.97400503066953,714.5635374882953
2190.898,2717.5354415138795,720.0835830424691
2190.90495,-699.9633703030331,732.2511992775296
2190.91189,-1509.7007463623936,720.0694508213882
2190.91884,1057.661304693569,725.3532056390902
2190.92578,-160.3002009111364,723.3637280842148
2190.93273,-2441.582456992326,727.2815189411278
2190.93967,480.7498967278032,727.7420032328257
2190.94662,2845.444478649976,743.0744455856126
2190.95356,970.3640878063487,729.0533602913584
2190.9605,1715.8454202286803,727.9386106925023
2190.96745,691.5770841981289,716.566695033177
2190.97439,817.289408889421,720.2575789484162
2190.98134,1054.5203337650273,718.3412497698552
2190.98828,613.884803104055,704.5560029809981
2190.99523,-39.68282456390665,702.8093735131755
2191.00217,281.9815639191,706.4758369503871
2191.00912,-496.6289733919967,707.8451926442356
2191.01606,125.25206651513139,703.6445312501685
2191.023,-1865.685968615701,713.4364645926566
2191.02995,1268.140839525306,702.4126538029944
2191.03689,-1395.5192965531444,717.6042261760474
2191.04384,597.7470502651979,709.9685305971886
2191.05078,1211.5265965866429,697.6516781075145
2191.05773,785.344031896155,713.0153244044477
2191.06467,805.2125780425837,733.3156381693381
2191.07162,2056.1530347615226,715.2461802953839
2191.07856,-805.3277839088345,704.8311855898841
2191.0855,-175.14118114361614,696.878136854434
2191.09245,995.3367399760996,712.31674045198
2191.09939,1495.7736120738846,686.3058787927465
2191.10634,-1255.517487424831,693.689568605292
2191.11328,-948.1321820641301,718.9873749176709
2191.12023,1434.3840351031233,687.5559585406728
2191.12717,814.3120325521107,694.0457005765289
2191.13412,-558.4566492162639,697.5862176594682
2191.14106,1589.5491521623283,715.6554494178849
2191.148,-1357.1255566673467,694.7301523079159
2191.15495,51.661295152021324,714.642677926348
2191.16189,-895.1111411285952,689.8423257960144
2191.16884,-3478.7836972939076,729.0663619347529
2191.17578,-1691.9606099088473,724.7303703916158
2191.18273,-709.925229471797,688.2231124334569
2191.18967,838.5691421040972,686.1991522591442
2191.19662,384.8458180290491,698.1769445006469
2191.20356,-1263.2036067685065,718.633391044038
2191.2105,-980.9578268440788,715.0505903556251
2191.21745,218.1239358587818,696.7022189664198
2191.22439,2125.307532340706,728.8211396345582
2191.23134,2423.555508839383,725.2698820635976
2191.23828,808.5702807136211,683.9238646651298
2191.24523,1262.5139543797616,693.6671831670999
2191.25217,112.64454250226656,740.2660906124294
2191.25912,1221.8899238918714,728.1081973454724
2191.26606,-1470.9024857803786,728.5509315674926
2191.273,1907.041256751198,725.0522458589528
2191.27995,-202.5142758572734,696.7646268547127
2191.28689,627.835227292905,703.100723382978
2191.29384,1191.9481566745617,683.0057225259502
2191.30078,422.8180785533316,696.345069475265
2191.30773,228.6470137911079,657.1959906371392
2191.31467,-433.9670442928857,695.1956111414343
2191.32162,1473.5351489810848,729.7226622817468
2191.32856,285.31495916987836,696.9755926510074
2191.3355,-79.24976491495045,722.2565533558579
2191.34245,387.2854916186755,729.7569187856468
2191.34939,31.092356128826655,668.9533202297811
2191.35634,-724.8261303216595,721.0760041356494
2191.36328,-905.9867331835616,719.8670774155106
2191.37023,703.277997964216,716.0969400044502
2191.37717,-85.18846338642271,712.6803342359477
2191.38411,1641.4488861484253,720.4102069360893
2191.39106,2283.8289953777244,717.1284790855823
2191.398,-194.49033990088188,678.0143350979685
2191.40495,207.3453473693142,670.9551210814391
2191.41189,-1462.2647591980042,722.3246141325832
2191.41884,-474.99774357459785,677.7934202180329
2191.42578,-199.30298299663332,726.9067324380642
2191.43273,302.90912218444186,724.9121672835996
2191.43967,61.69528517718195,738.7525862635564
2191.44661,1880.0950681719507,732.1838168474161
2191.45356,725.5958276106061,727.1565901067733
2191.4605,-345.84303594355225,731.1651663519096
2191.46745,-111.2262327945941,716.5068874735629
2191.47439,691.8249068270025,727.5022077055262
2191.48134,1402.1094338875585,726.4464742619035
2191.48828,-894.2047569973549,721.9971988345825
2191.49523,-835.5840778385191,709.9292995514683
2191.50217,-480.9008288489465,719.7407918879322
2191.50911,-1322.3434472009671,724.6113205612307
2191.51606,1239.2013294270494,718.1472426388575
2191.523,-1214.6251708519424,714.1630868717488
2191.52995,-169.4096045043046,715.8095471565504
2191.53689,-1186.2448444774116,729.2517766753334
2191.54384,181.92939568869954,683.1474969678331
2191.55078,1044.4100297460302,719.7196500851953
2191.55773,-785.6016905509006,717.5946162657126
2191.56467,-427.4741366395074,720.2340629325378
2191.57161,1996.0474548692814,726.8132336633935
2191.57856,-467.1485949285341,721.1047208088858
2191.5855,658.9595787702585,725.3371514359425
2191.59245,526.4558739163613,722.2873050689299
2191.59939,1106.8711682480246,730.6481531758884
2191.60634,-1394.9399885465987,715.9704283613345
2191.61328,848.9195808236999,725.1495885977575
2191.62023,-21.381372148689618,720.1324239985244
2191.62717,231.84835756810705,723.1333163517129
2191.63411,-280.7138471592649,732.4216903926488
2191.64106,889.2522614417876,720.8495494250502
2191.648,-644.5363469929283,732.1721718972454
2191.65495,-627.2119398143559,715.0445982938869
2191.66189,-475.5216532745066,722.2126869416231
2191.66884,912.9361681067352,727.7015285516502
2191.67578,-731.9397251249079,722.2528224494927
2191.68273,-245.97639551150084,716.0462901240965
2191.68967,-173.33169155642616,721.3751549914886
2191.69661,2176.6318022843916,687.3497411706613
2191.70356,-1217.0427981766827,736.004717196599
2191.7105,-1120.6146967202512,714.2730920806421
2191.71745,489.2569285296219,699.1390661118301
2191.72439,1657.9874287771347,743.8507002251406
2191.73134,1865.709936862654,746.0311323512603
2191.73828,-773.4610951225468,726.3191712144074
2191.74523,1333.6651652110136,719.7993558120913
2191.75217,-839.5430217232196,718.9206708341693
2191.75911,-3014.0482073793673,725.5042508180022
2191.76606,-441.6665044532612,726.1062834360457
2191.773,1293.33214541962,723.9055009115697
2191.77995,-2214.0013518440187,715.6047995375312
2191.78689,-904.2146657177937,722.5422503372281
2191.79384,1160.5512229170008,715.7697508219867
2191.80078,1205.1145252378471,720.6047793559302
2191.80773,-430.5450117514883,720.4088502428655
2191.81467,-1298.1187852285827,725.5762686166302
2191.82161,-286.48985550165463,725.2999554300577
2191.82856,-103.34260152909316,722.6493160441364
2191.8355,896.1909558769395,723.9702830130042
2191.84245,-907.1537154715328,715.1611608533616
2191.84939,-691.7708652135894,709.4291319829755
2191.85634,-379.61113028293954,730.3705963538608
2191.86328,1292.501849166679,730.5920765226398
2191.87023,-1754.3093689888071,726.5799954866753
2191.87717,56.51396069787368,722.620034082057
2191.88411,-51.86604277104046,722.8082752668538
2191.89106,-206.6090021221185,726.972079828342
2191.898,-51.889445729150296,722.9249508840971
2191.90495,151.25252685964932,721.2238836970394
2191.91189,-1191.785240429942,719.5681526752088
2191.91884,-913.827741670283,732.4395535200949
2191.92578,115.05708222741792,730.0084723208856
2191.93273,95.30622921815053,720.9672425622113
2191.93967,-576.1689575990631,738.4844132363264
2191.94661,-890.4562136201058,723.0054480153735
2191.95356,-544.4474349877177,729.1710534285196
2191.9605,871.4610387364728,728.2072359508068
2191.96745,-1074.9849204677612,723.5267573866033
2191.97439,1368.951964556632,727.6394598366633
2191.98134,-486.52613118573026,724.0927245764485
2191.98828,-87.51406168748474,729.9066072713349
2191.99523,-1054.2980621918678,726.8832164221857
2192.00217,-503.3609982260627,719.5484806234643
2192.00911,299.43214356748217,726.4006858656016
2192.01606,-1522.0168074476871,723.841397156747
2192.023,-1525.9820825674321,729.2674917051753
2192.02995,-869.4552808629124,725.6884219231276
2192.03689,-1337.4975974525985,726.0480586851927
2192.04384,64.68283671367023,727.9664229035894
2192.05078,1600.0535755628275,733.0732423133595
2192.05772,-697.1744612660569,725.459819114924
2192.06467,413.5743623310112,724.101543082403
2192.07161,-152.42584038266446,718.1103858062786
2192.07856,685.9669316023438,726.1871197406282
2192.0855,1580.4703872244634,728.8505346544064
2192.09245,-530.5001764163899,720.5101500035729
2192.09939,-297.1041710532786,727.2928247179925
2192.10634,994.6947979657239,735.5168729248887
2192.11328,-176.20041937806687,734.7314606061002
2192.12022,-39.37677718418008,729.4321038163248
2192.12717,-139.50718139048408,728.9881259588493
2192.13411,1895.1644250970967,725.3640591848803
2192.14106,803.5401144709934,726.0843502289283
2192.148,2267.4940697903476,730.0481555976805
2192.15495,-468.29228731616394,725.0343827315066
2192.16189,1022.1305266832113,725.8580085760976
2192.16884,-721.8596075301394,719.7842060710926
2192.17578,1283.9405496359097,722.4082768813819
2192.18272,1162.6806659894607,728.2064445464263
2192.18967,31.65662745214225,729.7924189250018
2192.19661,550.8927453204957,722.5641835443455
2192.20356,1126.2281279913268,725.2584632289644
2192.2105,802.4451499816503,727.4845706936173
2192.21745,-208.5760942388019,724.4741814878623
2192.22439,-351.8657363371289,723.6900128045291
2192.23134,2002.6034487575646,724.7562606206358
2192.23828,253.6880659108903,736.0965201047402
2192.24522,-337.1866548293512,737.4613534878426
2192.25217,-318.0536625257378,729.7051383276065
2192.25911,-316.25039111582356,742.4395131568929
2192.26606,450.4096008760141,714.9426201865675
2192.273,10.011152355894046,733.2109466755711
2192.27995,-1536.7706201405406,728.625097463725
2192.28689,-990.7412808539185,719.8714866684878
2192.29384,-452.7469571850155,717.0407462571125
2192.30078,-355.2192558707264,726.6027200981732
2192.30772,-58.10502267603829,721.2320238563819
2192.31467,-779.0175452782247,727.8622966986658
2192.32161,1296.324332324623,724.6158428719767
2192.32856,1886.2163549397874,716.764772243846
2192.3355,-383.5367221258893,735.9554240094691
2192.34245,590.1071715488993,727.706729209008
2192.34939,3005.984927319487,728.7953624633069
2192.35634,1705.137040613542,691.9065345359653
2192.36328,-922.3910762408877,726.7881348387539
2192.37022,-2482.6168871804034,727.1212030251869
2192.37717,1264.2505217061744,697.423414472617
2192.38411,-443.7239297270933,713.2030003004013
2192.39106,561.4470271969683,714.9313144097028
2192.398,344.31732135566534,732.195687913124
2192.40495,-1915.6620246682753,731.2154770589574
2192.41189,-2376.529582201875,731.6463402152699
2192.41883,-621.5445799876355,727.2246508834986
2192.42578,-377.94782439060987,732.2708713292741
2192.43272,289.5186731236989,746.440175358224
2192.43967,-607.1184087083204,738.3378903681604
2192.44661,225.62147484435437,724.9387358592317
2192.45356,-883.1517773033818,728.8680586085467
2192.4605,1108.492416650418,727.2050918895228
2192.46745,2056.9905667116573,698.4604933844128
2192.47439,-943.6418666667902,730.409262110738
2192.48133,1222.7686088697933,735.6458718389146
2192.48828,-313.18867368310305,733.488729613136
2192.49522,367.8371811983067,726.9040190516167
2192.50217,-1127.6765110654594,730.4001044314776
2192.50911,1281.401159094337,741.8157734472692
2192.51606,1049.570664653676,729.5166710272725
2192.523,-2020.2393300887588,729.5618941347312
2192.52995,-164.92053274241988,735.4327579450155
2192.53689,1454.5993294259915,731.3812197477935
2192.54383,-86.7956926255038,744.3755143871985
2192.55078,190.0393686070311,750.5628268919248
2192.55772,255.55080570711277,756.1615606530765
2192.56467,2140.403457841484,745.6636946031587
2192.57161,763.4384108742508,702.5401829660279
2192.57856,1159.773950757555,735.6721012412405
2192.5855,214.17347130672985,745.8536316544851
2192.59245,-1507.1040355321168,744.2994265088993
2192.59939,244.75774582325843,707.3299883925127
2192.60633,1262.256521840553,752.8618566173549
2192.61328,374.8573902846531,699.3167929241426
2192.62022,504.28309738714484,712.3004601332949
2192.62717,-2131.4980104629544,737.8859984668795
2192.63411,581.0064734039169,728.6031642566074
2192.64106,-345.6984350574531,741.5286067149066
2192.648,-422.04125862496034,729.2458976713638
2192.65495,-2341.0754573586596,745.6812185572988
2192.66189,199.98426911049816,734.6648695803674
2192.66883,-50.102228522383754,730.9038898485672
2192.67578,27.55432631679782,730.9468518006529
2192.68272,1837.4311363643687,738.0537761955512
2192.68967,-193.87100944423543,736.2196400147964
2192.69661,1705.2161810515947,730.234248684873
2192.70356,-2214.112035399524,735.5488682734157
2192.7105,-1507.3281160295746,709.4343326403332
2192.71744,901.0455434048589,743.8476476653871
2192.72439,575.2475367845927,743.222777378077
2192.73133,-1182.049949029546,731.5764705142462
2192.73828,633.9418165508175,730.3404099296322
2192.74522,-1613.5067716851693,717.034528079837
2192.75217,-92.08984875792143,723.8255690691365
2192.75911,245.81574042225398,727.944828869778
2192.76606,-2458.085951712755,714.8859782444756
2192.773,-209.88541625749897,730.411862439417
2192.77994,-2243.1072829777236,713.0648437071151
2192.78689,651.1472869567737,747.4425455350453
2192.79383,-721.7329828292551,715.3332347772418
2192.80078,-1791.5112538775313,733.9670770322801
2192.80772,568.6113849383391,719.5202161813025
2192.81467,33.416823852202235,733.4043885177256
2192.82161,-18.40309134923039,710.593061711193
2192.82856,-917.041860975139,729.819213616171
2192.8355,-419.51566113116235,715.5198931532775
2192.84244,-1203.454158847502,717.0591746734019
2192.84939,-704.6307341660734,726.482200516796
2192.85633,2820.778213033258,715.3360612214581
2192.86328,3240.252834194401,732.8987941763378
2192.87022,800.5997080240309,729.6656811663488
2192.87717,-1411.3955467731216,721.218230808607
2192.88411,1464.8936914923452,739.1617423282886
2192.89106,-678.9399390498787,735.5865165103751
2192.898,-1297.8709625997094,731.8817264895922
2192.90494,-126.0081968718403,734.9103179960993
2192.91189,540.2498261534041,728.5717341969237
2192.91883,1140.0709211844253,733.5929688758282
2192.92578,1461.4941574469085,726.0739489142128
2192.93272,1268.5562137673141,712.5437604514225
2192.93967,-1409.667458779357,715.6902712106281
2192.94661,-1351.9789409230132,722.3462081663948
2192.95355,-411.88019166784085,726.6039637336285
2192.9605,-281.4707689203543,715.0230042600754
2192.96744,409.99348362466526,736.592843709099
2192.97439,-914.0956885819754,719.8243415789622
2192.98133,1002.7139854958322,717.7882842234043
2192.98828,-421.35375433381995,708.6463199928659
2192.99522,1191.730181296611,711.1784748372453
2193.00217,-321.3183186531792,718.3206732559615
2193.00911,636.6790581875221,715.76613297339
2193.01605,227.16256528877716,715.5323295078286
2193.023,-677.5813238440518,709.2139830492407
2193.02994,-879.6743464553474,705.9271675991448
2193.03689,844.4175074184208,708.5106506704899
2193.04383,1328.9436466767913,715.9985797457275
2193.05078,-1759.4610723327296,701.4140145325383
2193.05772,-2732.906888796849,699.4466963003176
2193.06467,1638.6201807768855,710.4796647692402
2193.07161,355.0838126638877,706.7692218600253
2193.07855,1692.4554637622139,709.0252896333695
2193.0855,-1370.6041907876343,709.8838503284724
2193.09244,490.83057961141486,698.7721936525717
2193.09939,-1089.6687504018219,698.171517727752
2193.10633,-915.6570163669859,713.7647843528066
2193.11328,221.19277593092698,705.371601724015
2193.12022,545.2934462705007,699.3612246272207
2193.12717,-793.2642938786975,708.4076550432528
2193.13411,1454.9394071940803,708.1383514383364
2193.14105,-342.3493247768328,685.4209756375491
2193.148,85.3361168322753,691.9386429422609
2193.15494,663.4519292074341,694.933317118174
2193.16189,765.3738468157133,700.6275846938321
2193.16883,228.78234394017795,703.046681769565
2193.17578,1839.9617083999872,705.3009406186109
2193.18272,848.8974215010451,708.5607352620004
2193.18966,-1805.0702720713264,686.9507603051072
2193.19661,2567.6751080173453,701.7282020716075
2193.20355,1589.1589898027285,708.7181116759565
2193.2105,-688.9108428401345,703.5252553042462
2193.21744,-624.1285152900551,704.5119104512257
2193.22439,467.71071815424546,699.2402528147688
2193.23133,-1263.4403497360522,716.0023106520929
2193.23828,-1446.731187074795,692.5116197137623
2193.24522,-184.87070659781133,688.6135009085938
2193.25216,2283.9924769111876,695.7495942078029
2193.25911,886.1543655231001,694.7872464810824
2193.26605,-1657.5024109496408,713.6171309069541
2193.273,-1542.615480664036,697.3028948912395
2193.27994,2043.430304882407,699.4003426151726
2193.28689,-610.4679712200153,692.2280708299965
2193.29383,-1045.585378308881,663.4383622751964
2193.30078,79.0749776046227,699.4767696667777
2193.30772,34.100597236977315,694.5657663123037
2193.31466,1348.5794068775765,700.0308657909151
2193.32161,-41.215548733449545,660.9017981778399
2193.32855,-985.9978291125788,698.7082029555177
2193.3355,-901.7029743295394,689.5259901593411
2193.34244,-669.3864445414664,695.947332245166
2193.34939,-302.7811407903339,687.4391698656608
2193.35633,-1341.7586316951229,696.1953809895767
2193.36327,520.0017450776287,700.185415760655
2193.37022,-253.68930954634536,698.6483953959035
2193.37716,-498.9871323304289,691.0253622871331
2193.38411,-1203.124934625203,695.3130781630581
2193.39105,370.6858977948969,681.9560942018345
2193.398,53.672705914014266,690.7215760627796
2193.40494,2024.4943722695448,683.7719150240688
2193.41189,1371.2088237343564,700.8307495040902
2193.41883,603.6199491153179,705.1446947823412
2193.42577,-2114.4084242698614,708.4887174633724
2193.43272,208.2724210722169,700.442056895483
2193.43966,647.5450403321535,700.52334543114
2193.44661,-1086.631792620435,701.7985240037057
2193.45355,949.108435896394,703.6282509314834
2193.4605,783.693275416145,701.9057027683829
2193.51605,-1321.224853637977,709.8255125198507
2193.523,-1050.4502540937472,703.0341323572451
2193.52994,-1006.4159490723989,716.2111283507833
2193.53688,-1009.6858058571979,706.6216814719413
2193.54383,-292.3825394612877,714.4136228870698
2193.55077,1166.6856243860007,713.6768254087995
2193.55772,622.8413525940128,707.4872517487001
2193.56466,-605.7723429148132,701.0267916749235
2193.57161,-877.4004155545571,700.7089862872577
2193.57855,465.6642594839721,735.7944297469162
2193.5855,2819.2588296804147,720.0491004230317
2193.59244,-1734.7751346642667,708.4933528318869
2193.59938,7.417381027602087,705.3898040247672
2193.60633,-1836.9086964154526,712.2056046654003
2193.61327,-1106.807403666508,703.6630727242267
2193.62022,-753.7718585971918,705.4963044428324
2193.62716,187.22999611392999,701.7005029182891
2193.63411,-1045.2604502817906,707.1866311418687
2193.64105,1203.9084249619243,714.1202379774317
2193.648,-393.24781916379504,714.8282057246971
2193.65494,-1345.4410362777135,711.0909681243128
2193.66188,-1270.6594274374481,711.7712367182598
2193.66883,-3571.0994354735844,707.7878723555317
2193.67577,-370.11020763694796,711.9142547955979
2193.68272,-253.70095449651592,707.2445167194159
2193.68966,1302.5898808052525,700.9791943543233
2193.69661,-1887.0779681946435,703.0062070883895
2193.70355,889.9800142985662,704.6303949927675
2193.71049,-480.38573765499234,711.4170267290898
2193.71744,176.22337010510205,723.7179380733847
2193.72438,-843.2152511066321,715.405817864713
2193.73133,-1020.0950346164968,718.1464512344769
2193.73827,865.6346066292667,722.719864091772
2193.74522,3506.0578664599984,719.6693393781476
2193.75216,453.44260163549836,715.3608208727916
2193.75911,1042.3431076196316,717.1827468145327
2193.76605,43.26754723438663,707.7674088994066
2193.77299,1111.4013930376966,709.5508951998079
2193.77994,309.6053077058468,708.8636170242048
2193.78688,-2992.5423586273973,698.6335848282108
2193.79383,1398.3465321736915,698.2213762037251
2193.80077,-640.593683426913,705.9829050790876
2193.80772,1928.0034106937458,697.7931133760916
2193.81466,780.5902918978685,699.7998887695699
2193.82161,-223.164164242819,704.8853402610658
2193.82855,-2002.3418330809163,703.4366180136273
2193.83549,726.0413882768427,705.8033693424768
2193.84244,533.7309152132372,712.6927705904988
2193.84938,-351.8104510882607,702.3767014325647
2193.85633,232.71370172932868,712.2406525736809
2193.86327,1762.5270859606587,702.2651134149105
2193.87022,-270.747126506449,704.8054084186326
2193.87716,811.9717367411248,706.0695073298709
2193.8841,-1768.294049681557,724.7518513676587
2193.89105,-526.0096349035128,725.3727646330661
2193.89799,-46.68064821206093,701.1736537163956
2193.90494,-174.9567839229534,698.7694802661242
2193.91188,207.78073283637255,720.2814341376006
2193.91883,-1105.559472016186,706.1884441024873
2193.92577,1877.4158251705617,727.2208069193647
2193.93272,-155.28077515653018,707.4984444677963
2193.93966,41.04087448089045,719.3272265702227
2193.9466,-218.67791892515052,696.1592025036099
2193.95355,-810.1801102813808,707.0986721978616
2193.96049,237.77382828064768,732.0289277043703
2193.96744,-769.148054306445,737.115057542478
2193.97438,293.52295317362666,724.0300905726183
2193.98133,853.0304743494614,719.0099864714002
2193.98827,211.57585601430395,713.0623564362048
2193.99522,-900.28522991071,695.6100809212929
2194.00216,1391.483134212458,721.9543499402654
2194.0091,-2059.5758587073005,729.30468771106
2194.01605,-1661.5650288081902,713.6863222613658
2194.02299,-994.6823616111727,732.4595647451454
2194.02994,-450.3275209359766,729.9406376596975
2194.03688,575.5561844929982,723.6511209321146
2194.04383,842.7967112471022,723.2194663714217
2194.05077,-709.6779721317668,722.0921673602456
2194.05771,235.9585727472567,722.3889440029433
2194.06466,1642.303602879394,724.3962846852648
2194.0716,1672.5094730442622,722.1313984059661
2194.07855,-1063.6708903859828,719.7879369774579
2194.08549,-679.2886092083851,722.0951068622305
2194.09244,-40.35924919371964,705.2302795132067
2194.09938,-395.6631853331625,717.4710441245817
2194.10633,-1585.0538622231677,714.614526541955
2194.11327,-185.35052376794775,720.215069227405
2194.12021,1404.9155277053687,730.2146896908971
2194.12716,997.2156470332387,714.7682851073145
2194.1341,-178.83263034769863,707.5293092386368
2194.14105,2402.3572902759006,710.9275996486184
2194.14799,-1173.856539477953,721.0488702711742
2194.15494,-779.212343813603,739.8424631533102
2194.16188,-967.2598606526171,721.2340588962174
2194.16882,-896.3249293327858,712.9565343647516
2194.17577,392.13250427609563,715.9758551342295
2194.18271,1302.2213124794646,721.1657720039549
2194.18966,1579.6262979237472,726.5823696998169
2194.1966,1383.084977041846,729.4436357087269
2194.20355,-510.36436170488065,725.2571065357406
2194.21049,-425.87979598605205,725.0521328011841
2194.21744,-890.7923343662924,718.4618824090011
2194.22438,-674.013785954406,716.5149145751368
2194.23132,1673.1225853236333,735.6769627252922
2194.23827,-1082.5324309870755,722.2022856269075
2194.24521,-2015.3361277203214,735.0444045097142
2194.25216,-2504.9976900039296,732.3557777135277
2194.2591,176.3827815588939,720.261196797013
2194.26605,35.220321377653924,722.6626568608369
2194.27299,-468.3431633120549,725.2714648723587
2194.27994,139.49361445824647,732.6812710294615
2194.28688,-490.57676492080304,731.592524717394
2194.29382,772.498521280289,726.784856163463
2194.30077,-508.3169985724581,728.2281516380065
2194.30771,-300.68109273772194,734.3206086748381
2194.31466,1654.460252510896,731.1383716607403
2194.3216,130.33536990902294,729.0306356798606
2194.32855,160.9278976426627,731.6744915996628
2194.33549,613.9201901856413,731.9939928538583
2194.34243,840.0422848295632,736.9780315268781
2194.34938,1144.798657895923,735.5045496281062
2194.35632,-1480.2135844328122,729.4365130693021
2194.36327,-1086.0386915661147,731.4900943790001
2194.37021,-1948.8624559512878,727.1919771883597
2194.37716,1157.4629369086485,731.5440229346447
2194.3841,-1201.981920584185,738.6129599192776
2194.39105,324.45171471122165,737.3882051115282
2194.39799,1470.0919746369505,731.0791293899696
2194.40493,718.9887316108947,740.4734385601273
2194.41188,-963.4797741579156,741.5557405793818
2194.41882,671.4425131220747,735.6180596278274
2194.42577,447.2428527762209,735.4167037418677
2194.43271,1839.8305613883567,740.0686917483722
2194.43966,-910.718766090268,746.3149073505634
2194.4466,1014.0660029878757,742.2063880379435
2194.45354,-796.8978575052329,738.332576653034
2194.46049,-283.2703094239033,759.5400659535451
2194.46743,-586.8834423337081,747.7427139108022
2194.47438,-651.0587627239233,748.1002025752631
2194.48132,1449.757517425929,769.6954800222321
2194.48827,-238.96319600681068,745.7056390353265
2194.49521,-62.2762890502572,766.8526424296116
2194.50216,-911.5610464666858,762.3558827394589
2194.5091,843.9068254774437,758.5044567927415
2194.51604,-644.5867707577448,776.064363303405
2194.52299,4462.84722104271,769.6023204208673
2194.52993,-2591.8529640735105,765.1053346151773
2194.53688,771.1123199789122,766.9781365528095
2194.54382,-477.57873937503274,754.1565941838966
2194.55077,91.14106796343856,746.598230118792
2194.55771,-892.8852597794796,754.0098452001931
2194.56465,437.8243492435728,760.5926337796454
2194.5716,2696.4240513167183,761.1546439475882
2194.57854,-1480.6618584854964,755.2282687728983
2194.58549,-1970.8519658375278,743.475235375465
2194.59243,-562.8446473329785,755.691014219969
2194.59938,-12.975300934272394,756.1069537508203
2194.60632,-1052.4017442383574,744.5291598947892
2194.61327,223.100173545765,744.944873310103
2194.62021,-920.1579591945786,740.7659190076163
2194.62715,754.5733251191282,759.4067708443106
2194.6341,444.3775166876397,754.4160617629406
2194.64104,1129.8775197054727,745.8004945032211
2194.64799,1357.4547808896461,737.7732798715389
2194.65493,912.5585551594553,753.2370953514932
2194.66188,-308.8532474288092,763.9815403948295
2194.66882,-1474.412477265783,750.8870765724034
2194.67576,-311.6916757684525,742.4600896707866
2194.68271,-269.2211858030249,745.6545369238983
2194.68965,1762.440370652107,737.235351008318
2194.6966,-1575.932474506523,746.405918854324
2194.70354,-1285.3536586862247,724.9839589666902
2194.71049,565.2251917096028,722.1648635054855
2194.71743,-974.61200734771,722.0313422807138
2194.72438,-454.67888833564973,740.7359586989248
2194.73132,-552.3959614124219,736.7453586390034
2194.73826,-217.1604575543749,721.6502245426059
2194.74521,433.45014417463307,722.9428140115433
2194.75215,-784.11057164022,738.9842416315133
2194.7591,-1123.90626059663,728.0671573754536
2194.76604,2246.4440699615616,727.2629774670698
2194.77299,-1944.7183234415443,725.1682431295843
2194.77993,-195.68852613299927,726.9219952368314
2194.78687,-391.3357861804425,740.0720834814316
2194.79382,-1166.5411365576701,749.5488117649328
2194.80076,1169.1812615711071,734.5022925090534
2194.80771,-27.40622063987068,737.4947055295935
2194.81465,-2080.6257454783185,732.9509138076837
2194.8216,517.9914648933224,732.3762411696528
2194.82854,-210.9084760059827,730.3568033060859
2194.83549,-1665.576883728617,727.807237565335
2194.84243,-1353.1354088384999,734.674592548471
2194.84937,-262.32002654706355,726.7584006455996
2194.85632,704.397609047124,728.5778393164306
2194.86326,91.14219854112507,720.7739137778256
2194.87021,-1899.9351237606802,730.9096557947682
2194.87715,382.85012229689806,731.3206207837987
2194.8841,-314.4822806719583,738.6836210246819
2194.89104,534.6986897128527,756.04013660955
2194.89798,-292.9300782348435,737.3862831294614
2194.90493,-597.1363121989687,734.749097618009
2194.91187,409.68167029873774,748.6683178627126
2194.91882,-1533.7713105961132,721.0796219842462
2194.92576,1993.900940073756,733.6129801008786
2194.93271,-1026.9414739124331,732.307388988547
2194.93965,959.5452507512427,744.0767027046653
2194.9466,83.02295488576442,742.6110217919298
2194.95354,105.55457677266527,749.7405577405575
2194.96048,-213.03803213621137,738.096398974331
2194.96743,596.7391402577128,735.9756613500568
2194.97437,-1082.4167728897498,745.4192637073446
2194.98132,1461.494383562446,746.8592805065972
2194.98826,419.6739420072677,738.7378887536322
2194.99521,1183.1745346542743,729.2146937272173
2195.00215,-100.19066399699267,731.9792953439344
2195.00909,-1390.7892986862735,752.3378338596775
2195.01604,-1308.8679786982023,748.5271087096728
2195.02298,2676.648099482811,737.2863400619776
2195.02993,-1548.963222142472,737.9941947514745
2195.03687,1318.0093776398974,746.5370658659542
2195.04382,-204.6743575850366,742.9927048188811
2195.05076,-45.66674614283761,755.0013618312244
2195.05771,-1843.9960618163748,728.7876745350388
2195.06465,-1523.5670555713705,730.3532985152578
2195.07159,170.8547089031463,744.1056454934388
2195.07854,-291.8750231378328,746.2777113446787
2195.08548,-984.386416736058,748.2516999852496
2195.09243,1432.5301138128555,727.1588512621463
2195.09937,-103.7046125042998,738.9541682650535
2195.10632,1519.815120461062,745.4023050420476
2195.11326,-1425.5750260012496,736.5868516473607
2195.1202,1304.607848917827,738.6861082955921
2195.12715,-863.7329749606299,741.9682883771735
2195.13409,255.50682623510923,741.8508213555497
2195.14104,-714.5263414824105,746.330735438174
2195.14798,-1186.9228519159858,746.9613716716851
2195.15493,-1093.9892530306545,734.116539402431
2195.16187,-26.77716721512061,734.0664548109205
2195.16882,-2471.7267106732816,770.5775567332136
2195.17576,-1044.5151734708716,754.3643943626691
2195.1827,410.65374099356177,743.0985268903343
2195.18965,-99.579699815226,735.799291230968
2195.19659,-422.97715083381746,736.7314525334599
2195.20354,975.8464851235628,747.4089673777573
2195.21048,220.11047391167244,745.1552738175545
2195.21743,927.7787311479759,752.872370989839
2195.22437,1321.595796176907,737.2345596039374
2195.23131,-110.88558973766169,752.6144862195559
2195.23826,1159.7028374210763,753.1871238177513
2195.2452,1070.7613083466588,750.6692142522213
2195.25215,-851.2259593040918,744.1950741884384
2195.25909,-1058.8635610053577,738.839414629877
2195.26604,-1272.0675619459425,747.4491028856269
2195.27298,1130.3652509194146,744.1198907722884
2195.27993,-843.8276850393911,739.116180047524
2195.28687,-1514.5814502348703,741.9002276004483
2195.29381,475.61549122248334,740.4552362593752
2195.30076,71.09140327163807,739.1811882644959
2195.3077,-1787.7974192352567,742.8921964625541
2195.31465,-1436.5822172989208,737.8922166441553
2195.32159,2161.603937560339,737.9928380582506
2195.32854,-1209.6580908442193,745.1515429111893
2195.33548,675.8378599937514,748.5736885103553
2195.34242,-333.37977364348046,738.7080415027095
2195.34937,1319.8043958327007,738.4789864634314
2195.35631,-108.50515841880605,739.8638310715844
2195.36326,-222.76608783941407,751.8140372175375
2195.3702,1176.4937249894053,742.8314844407909
2195.37715,-2520.1881317992966,739.1591419996098
2195.38409,982.0793599090538,738.9928340219305
2195.39104,812.1232341511112,750.5118378382653
2195.39798,-436.85046962445034,756.8169565379212
2195.40492,-1091.7363508748322,752.7560345459015
2195.41187,-378.4711688016752,746.4214077686286
2195.41881,1178.6648863784958,748.8516975634574
2195.42576,215.9038204558671,750.5987792623544
2195.4327,575.214184742842,730.8824088725244
2195.43965,-620.4819500201255,737.8416798215701
2195.44659,-1099.599179510902,735.6355835819676
2195.45353,-1715.9710274096467,748.8420876531226
2195.46048,803.6588251280724,748.1479129536319
2195.46742,-2594.9977789661857,746.9237234347257
2195.47437,-233.9406046346823,745.5412530397143
2195.48131,1384.11052406124,738.6268660248212
2195.48826,1110.032150401617,743.6689033331568
2195.4952,647.630964236325,736.2475652836521
2195.50215,1593.944725149542,732.9310156404019
2195.50909,1001.2585928400437,735.9636772265802
2195.51603,-2624.671147040728,734.2544698801798
2195.52298,-748.0561100454908,736.1495441982354
2195.52992,-2037.9373931927084,728.8154867461259
2195.53687,374.3476128058252,730.6196626181894
2195.54381,-2254.497740111107,732.1326016782192
2195.55076,-796.2212067598825,738.4334241826668
2195.5577,419.3838357729203,737.1207104309103
2195.56464,-3873.3115565143194,730.2508681768641
2195.57159,534.2232817956934,728.7709419852791
2195.57853,-343.2502821351781,731.8612630334671
2195.58548,-904.2630544427745,738.177687509988
2195.59242,-177.7558681591077,729.5167840850413
2195.59937,-880.3190018521709,728.8041809692612
2195.60631,-2043.9029994131188,733.5070449716567
2195.61326,1125.8020132612976,727.2002304054708
2195.6202,-451.9709286610247,729.5130531786758
2195.62714,-476.73838098068217,727.8362934118771
2195.63409,120.87435665536363,728.2241946161038
2195.64103,-2109.4082183359246,729.41412763111
2195.64798,-2966.02895518653,729.6828659471831
2195.65492,-327.34972449494177,731.5798622473056
2195.66187,220.4433159825682,735.2715375669253
2195.66881,341.57680104367006,736.6183947648132
2195.67576,799.4729743016981,734.1297671613627
2195.6827,1303.9482698955424,740.3780178033894
2195.68964,315.6197548823124,732.5659521054419
2195.69659,-498.5557038852732,728.9557914370164
2195.70353,-577.1020233637041,742.7875049687873
2195.71048,1029.0513579909173,752.6748590680132
2195.71742,750.3005328686644,735.1275019696694
2195.72437,-1530.3470168993424,738.8572777573231
2195.73131,-496.27860736696067,743.362290664587
2195.73825,-278.6902261582581,737.2977588966111
2195.7452,312.491785597165,757.6855793744337
2195.75214,1175.0850251920676,751.3001896590383
2195.75909,-1670.2321504104123,745.3480373130972
2195.76603,-1751.802991315679,718.0760162446101
2195.77298,-1223.032937932889,727.5794261615118
2195.77992,-1248.7336821327247,725.4794911666686
2195.78687,831.5426017827066,735.227784210459
2195.79381,435.2080794193202,724.9716356699078
2195.80075,-965.6864356863613,734.0982240439102
2195.8077,-928.6715483469786,742.274674930206
2195.81464,-208.36038001622398,731.9935406227838
2195.82159,-770.6602019620942,729.7313677299327
2195.82853,-103.18997354142013,729.3398486771092
2195.83548,1554.8003947376994,745.546792870378
2195.84242,-31.991730678410953,738.6373803973054
2195.84936,1214.2346693190366,726.1172500396044
2195.85631,-359.85959892706046,727.2365219492065
2195.86325,482.5602907771423,729.1225516457703
2195.8702,-1470.4250428233836,737.3899009780581
2195.87714,-2318.6049997245973,731.7770349958255
2195.88409,-2210.6665999000165,730.5344170606298
2195.89103,-330.66310852066965,723.6809681830373
2195.89797,-1137.1827474265774,740.7607183502586
2195.90492,120.48023727386136,732.1610922359182
2195.91186,228.56821252636118,729.0854686976542
2195.91881,268.68427445972185,728.1594125146694
2195.92575,-441.08730950448427,730.339505467483
2195.9327,-1198.9264213287402,745.2988571837359
2195.93964,-492.73662053302917,736.5826685099208
2195.94659,933.5761074086399,732.8613720549156
2195.95353,2708.652266515773,737.1871883988746
2195.96047,-2358.3355346668723,731.3861942896139
2195.96742,577.7955197165827,733.4147898324411
2195.97436,625.4096859243592,734.152039541786
2195.98131,-2046.1345336506668,733.2999231394961
2195.98825,532.6342548573645,735.8059616393182
2195.9952,-250.54279878713987,739.9230733423553
2196.00214,-304.4793815331754,738.2590891034137
2196.00908,-3025.468285648136,735.0748170494801
2196.01603,-135.92641574190674,725.4958845431224
2196.02297,1661.2191850938998,738.151797280968
2196.02992,-2615.165023737379,735.0221321292908
2196.03686,-1855.3297639498974,732.2436244070302
2196.04381,78.45349905037196,728.9761418353729
2196.05075,1425.0669443889512,722.2843655669451
2196.0577,-723.3844176558772,737.9039746520945
2196.06464,-590.6803744359378,741.1424013772096
2196.07158,702.1672053872625,732.1271749053242
2196.07853,2161.0742619142293,738.0006390442873
2196.08547,1940.753500552874,728.804859315873
2196.09242,-1191.6387175617756,728.7337459793944
2196.09936,-207.02516776850686,723.0018301667768
2196.10631,-1858.27853667174,727.2260075767224
2196.11325,-2137.608330627232,741.8801033176292
2196.12019,-196.38428364125087,739.0872372587504
2196.12714,2240.1487872877774,731.4480368890636
2196.13408,-149.73902251077635,732.616149754721
2196.14103,-291.38661357727915,725.4647936567445
2196.14797,314.17295461694096,727.441156510457
2196.15492,629.5595843803039,729.6535839851038
2196.16186,-453.19783156637834,734.4658879075491
2196.1688,1033.2083790862869,729.6686206683337
2196.17575,-912.8236756269317,730.6122008054588
2196.18269,-73.56476807632127,729.4250942346687
2196.18964,308.0637650303495,728.1365748454026
2196.19658,293.30192523592245,727.7590749558915
2196.20353,583.7131894430868,716.5804880809519
2196.21047,-1751.8704868035609,721.9603420020037
2196.21742,-1051.1413762334842,732.4335614583566
2196.22436,974.7137593394921,738.988198653416
2196.2313,-2344.3879369222386,729.7046860965319
2196.23825,-482.4357011160937,726.0150458167479
2196.24519,-2170.5775587733624,730.1893647507202
2196.25214,-257.69788579148167,734.3575785651857
2196.25908,563.4112928694356,735.5771327155772
2196.26603,-326.7904277134466,730.3317044814464
2196.27297,-895.6909013662154,734.4444069315063
2196.27991,-688.0989750034827,738.9975824482136
2196.28686,641.7084330257692,745.0305710987374
2196.2938,-1276.508358040615,732.0941620368793
2196.30075,-1391.8614255063499,745.0747766862781
2196.30769,331.14518684617906,747.7669082732926
2196.31464,-14.647764505862574,750.1778651896828
2196.32158,155.82209575281044,749.5159119542566
2196.32852,1325.7425290153296,740.8628095153464
2196.33547,-2160.925817063996,747.7778748768513
2196.34241,965.7662544710258,755.7062770187364
2196.34936,-1478.4044340189282,756.2161675553328
2196.3563,1576.8010973430355,740.7967837784568
2196.36325,-1721.5322259916077,745.2838205005057
2196.37019,-1633.1743011189442,749.6736275415188
2196.37714,93.27164161358506,759.6998165806426
2196.38408,-61.01049427248912,756.2832108121404
2196.39102,-714.3401353374495,740.6724202329453
2196.39797,495.4743144008083,765.2005292563778
2196.40491,-1472.917853564274,765.2707381307074
2196.41186,-1636.9551790180262,736.9594900528201
2196.4188,-454.92444980915025,759.6062047482034
2196.42575,-1159.9524689742482,725.744950807451
2196.43269,587.1066183690166,778.4316799210977
2196.43963,-605.724406420907,735.533718532417
2196.44658,-770.8564702484648,741.7253272323519
2196.45352,-1973.9240845849638,743.6383777356222
2196.46047,-287.51325442344427,748.4449157118668
2196.46741,-2025.4169236617015,737.8007529093201
2196.47436,-1933.2723549437553,759.3164376871619
2196.4813,1325.9364230885585,738.2806831372251
2196.48824,-89.5940985150462,738.7139205066791
2196.49519,-1721.2286658827913,741.0534249132846
2196.50213,153.6436986665264,743.7189879246672
2196.50908,265.1590201755501,746.8891277575199
2196.51602,-1487.024184416088,732.7374607404788
2196.52297,1091.0815202788308,737.7715840050091
2196.52991,-2199.140812617563,727.1426840012298
2196.53686,-87.84622541176869,735.149096003481
2196.5438,2132.9212947124474,729.3051399421346
2196.55074,-703.7711559510528,722.9974209137996
2196.55769,1056.2868614001313,730.8734773088012
2196.56463,391.7730936295678,729.9256009764675
2196.57158,-1051.5341389217626,737.6322968340364
2196.57852,-1645.68900470375,726.8196779562062
2196.58547,547.2059314849279,728.8563006006074
2196.59241,1150.1328364784415,746.3042799203106
2196.59935,-555.0235370135391,734.3362106469115
2196.6063,-386.8585854842658,725.173104613636
2196.61324,1192.621980975696,724.3417908407772
2196.62019,-440.8018386386515,727.7799906430911
2196.62713,1734.0754201341126,740.5556315579335
2196.63408,1056.847288759313,743.4095488118813
2196.64102,-1973.540366518177,732.0541395867784
2196.64796,1067.9356555348725,729.5222108579362
2196.65491,1029.8139326404391,724.2583542075159
2196.66185,495.5243989923187,734.5665093216447
2196.6688,1633.8300361770948,736.8076534695276
2196.67574,-802.8025255883426,733.1550961378597
2196.68269,-1519.4558228723029,729.1019751318765
2196.68963,220.62239948810458,733.2267747631817
2196.69658,-392.5715075917507,727.3593026859568
2196.70352,1665.5559680414176,727.6269104243435
2196.71046,193.69396097853473,727.019111860099
2196.71741,-1953.4891190176154,724.8555253415076
2196.72435,-180.82787384877503,728.7135086388066
2196.7313,528.6354015803317,733.2098160978846
2196.73824,341.1657229968707,731.2153640011888
2196.74519,-2294.4009142661057,726.53115453062
2196.75213,-405.3188840644313,735.0897406749415
2196.75907,394.3211896193265,737.3105344244681
2196.76602,654.7800591789286,734.395565975451
2196.77296,1504.0884456690042,754.35512362564
2196.77991,-498.1969715853574,754.6680675292541
2196.78685,1434.405629136935,748.6367747452601
2196.7938,-1806.8746740589272,743.0668707151133
2196.80074,-461.3039605205759,744.4417662396254
2196.80768,85.650756602419,739.8578390098461
2196.81463,-179.66552692931862,746.5092536548672
2196.82157,1425.352189139247,743.1301830655553
2196.82852,-1466.3109836801,742.0733190442463
2196.83546,-557.5666584614773,739.5507741102018
2196.84241,-123.54138941773861,726.6717983948164
2196.84935,-1593.987574043859,731.8808220274431
2196.8563,-315.5826719341963,743.1469156153152
2196.86324,240.3801490212593,732.9961369151425
2196.87018,-73.72587539664279,725.381130907946
2196.87713,-1070.2070991647527,709.8733359559882
2196.88407,820.3921662921601,739.3869534034328
2196.89102,198.36505574794057,736.4119512792644
2196.89796,2107.006306041026,709.1895625712132
2196.90491,-1698.5814989563335,739.7603832132727
2196.91185,1287.9192786301235,728.9644968852023
2196.9188,2835.005628755292,747.0901444701736
2196.92574,-1732.9781944893966,723.726530463802
2196.93268,-2260.859726868392,738.0846409663917
2196.93963,385.7297036643288,729.1946825021668
2196.94657,182.87942011863748,741.308709354889
2196.95352,-2508.1457835718966,723.3177135723756
2196.96046,1.2335733137038634,735.2228096686385
2196.96741,-1218.219842606063,745.4791843247273
2196.97435,1874.0731591827546,721.03835589869
2196.98129,400.75315913540425,744.6630202928669
2196.98824,838.3937895049262,742.2404184263062
2196.99518,-1629.9795146925267,729.7703726601158
2197.00213,-2504.4683535311256,721.271933248714
2197.00907,687.8692416175928,717.4606428098663
2197.01602,-643.7763726720856,747.3038236529159
2197.02296,-1710.286482802092,748.3455379332263
2197.0299,-546.1127759198831,719.8636856824512
2197.03685,-363.9164508394089,741.9918043930521
2197.04379,-458.1813049505549,754.6905660252148
2197.05074,546.4762566460822,745.6641468342332
2197.05768,-734.5024055668221,746.0382549906851
2197.06463,274.49566988369804,738.8087759745738
2197.07157,-1402.578962800748,736.2796736899477
2197.07852,304.9122797293236,725.2476096831743
2197.08546,-36.85389307682965,726.6928271397846
2197.0924,1579.190912456689,728.5622373443573
2197.09935,-2888.6029251376185,728.3352173449149
2197.10629,85.03447870552597,723.7878077744085
2197.11324,862.3467736592529,716.270370621554
2197.12018,606.6202761796633,715.5350428942761
2197.12713,1181.0014512831165,722.388717887406
2197.13407,645.4365129468931,729.9763639145899
2197.14101,-1879.803153013305,730.7626806955276
2197.14796,-2964.3086681788022,732.1460555526882
2197.1549,-691.9029166873686,730.0896477987739
2197.16185,236.10159082459475,723.1154532242667
2197.16879,-1756.8803026478322,721.6792803891481
2197.17574,-401.2532136461284,720.6159720750261
2197.18268,-1336.747006926553,724.4210443365986
2197.18962,245.70946611972607,727.6301890996342
2197.19657,-838.9370320832735,733.9065911260542
2197.20351,-1366.4830090049256,729.6985809770251
2197.21046,184.8750027930199,727.7924269976422
2197.2174,-911.314919704342,727.0723620691316
2197.22435,-1176.6468052081527,726.0300824999779
2197.23129,1051.623341501225,737.7740712759194
2197.23823,-2504.046534996305,738.9547335538966
2197.24518,-16.206605019962876,739.1918156947487
2197.25212,2157.33408481186,742.4236850692823
2197.25907,610.2485260910722,741.5318853901974
2197.26601,1277.2482080786385,746.4584907167447
2197.27296,-687.0014101854609,748.4683186699766
2197.2799,764.1585888605301,750.860960227846
2197.28685,-496.8353038197768,722.6143811936247
2197.29379,-1278.6052404757045,757.8742727903049
2197.30073,1729.2227545882604,770.4678906976261
2197.30768,-111.19638554367135,728.7868831306583
2197.31462,-423.28998167966273,750.4984970215647
2197.32157,414.07792163256346,753.1328560888008
2197.32851,1739.3327194339515,737.9938555781686
2197.33546,-51.257678917952745,732.1583788494708
2197.3424,-1734.355916458125,728.3618989783155
2197.34934,2526.3900287561783,729.096435301213
2197.35629,-1720.0560307063881,727.857435214614
2197.36323,-215.46832193104018,732.0479214095029
2197.37018,161.95220102660156,746.6095358956567
2197.37712,867.0814068946381,730.0523387351204
2197.38407,677.057414144143,730.7093174287263
2197.39101,-879.3106396136111,735.3717067499463
2197.39795,-68.92600782874838,737.8441670924803
2197.4049,-1940.3860628047726,733.7649297419398
2197.41184,2068.8037468420107,731.1289878659427
2197.41879,-1242.3199149173993,727.644660494021
2197.42573,-203.94909199916825,732.4118543667765
2197.43268,-1486.4374145968115,731.3885685027554
2197.43962,-563.2603607482923,736.9789359890274
2197.44656,-504.8365151646704,724.7712973038659
2197.45351,2579.419096793287,736.5661620756983
2197.46045,-1313.5155574517296,736.5127988088972
2197.4674,-906.7505514685386,747.0143957651804
2197.47434,-1226.177074478953,728.1243646063888
2197.48129,1053.9411388162503,749.5430458187318
2197.48823,-3356.670227494176,736.862260371784
2197.49518,-512.1364291706485,748.0699030932657
2197.50212,67.4066244759058,744.7561798942319
2197.50906,-830.2257048935102,740.1582335011403
2197.51601,2080.5700079983753,742.1163940541006
2197.52295,-683.3905711704235,753.4351725621622
2197.5299,-270.2297741571218,772.2458371673638
2197.53684,39.61894692462125,802.5293780192922
2197.54379,-2115.8479888380393,796.621996549735
2197.55073,-2163.774081429512,782.9057149997523
2197.55767,-669.8585737833349,797.6747904913727
2197.56462,-2044.0347117135923,770.0456199317309
2197.57156,258.9897969138072,769.9079155695192
2197.57851,-1790.018212984783,783.3369173293706
2197.58545,-2346.3839718276954,775.3896345401216
2197.5924,2189.175222542434,787.2851207260497
2197.59934,841.6232846663182,788.1411941502423
2197.60628,-1760.8843565822228,780.3065168985654
2197.61323,-202.53360873571194,768.3116529339968
2197.62017,-890.001156101303,774.9830788040682
2197.62712,-50.77526141913736,777.4095246347631
2197.63406,-311.5069393744838,767.5892137923446
2197.64101,407.9233958807447,766.2784220226551
2197.64795,655.9615128612862,750.702566293972
2197.65489,-787.8359381748963,761.5933080899371
2197.66184,1278.8035438019108,765.9256817844777
2197.66878,608.3614788745906,742.1599212950297
2197.67573,148.72398986386654,749.4225262373544
2197.68267,-196.48614869080157,758.2328920324522
2197.68962,-1258.2361875874776,744.7530142767098
2197.69656,2660.974787957555,742.1376489146063
2197.7035,540.9565502652144,740.1556331724615
2197.71045,-773.86516358769,765.8635000117218
2197.71739,-1140.8921728158746,750.4660494419633
2197.72434,639.8579034685605,756.7765949145144
2197.73128,-301.91511828250043,743.151098752755
2197.73823,-1163.427525609141,745.0270663079092
2197.74517,554.7282301218339,752.3973022459857
2197.75212,344.8649731869898,749.2501131401682
2197.75906,213.39235518315004,748.0337246072988
2197.766,-2166.466326074295,740.3639986400773
2197.77295,-264.7295137124613,764.9135886395526
2197.77989,-416.3867873838658,764.8060707015696
2197.78684,-493.36567395777917,750.1725514745565
2197.79378,142.27031325620865,748.3117336604009
2197.80073,-3430.053198678513,755.3657470195726
2197.80767,2966.125167347648,746.1959705779472
2197.81461,654.1519102163276,762.6137675097419
2197.82156,311.12299519215975,751.3172613821041
2197.8285,838.3361300429164,733.2697367152674
2197.83545,-1762.8062255914474,753.10787032193
2197.84239,1076.2249380742776,748.6429929225358
2197.84934,-1636.656028162187,740.7284968861942
2197.85628,-392.2552850128459,744.0131642386859
2197.86323,-711.5629843084128,747.742487795265
2197.87017,139.0347129753096,751.2913711530839
2197.87711,-2137.897080168356,754.0682960665835
2197.88406,-247.38125134470445,746.6189196904544
2197.891,-1683.599761801889,755.9190517393295
2197.89795,-75.38171947624194,764.9564375338697
2197.90489,838.5750211080668,765.2909754712952
2197.91184,537.2775374156832,763.3258053366787
2197.91878,-339.47618770221493,738.7636659248838
2197.92572,-1708.08117796687,748.8197022149304
2197.93267,-865.7818078440447,752.8453501831324
2197.93961,-287.4035883878569,752.0736178543502
2197.94656,643.2733786593764,769.7343718946466
2197.9535,758.3655087950748,769.8654058485081
2197.96045,1110.9836445825472,770.5354992432768
2197.96739,-315.14932150697354,765.6255134087206
2197.97433,278.4056597545744,753.6251096134886
2197.98128,25.422169857890243,778.1267631190576
2197.98822,-800.0380370293941,755.9022061318011
2197.99517,-1441.5235201353923,755.636972606556
2198.00211,-1120.6866014611105,748.6017268369797
2198.00906,53.67089698971592,746.9485961438281
2198.016,2404.842073915217,764.4562699653768
2198.02294,-305.99548621072734,744.5473621955414
2198.02989,-882.9778944552033,759.4236164518389
2198.03683,-669.6029501684249,768.3307596968982
2198.04378,-1619.9907477748247,762.7774751587424
2198.05072,-41.92555152055065,769.4633724232006
2198.05767,-1787.7573967851558,793.9243251320568
2198.06461,-873.5822285918216,771.60706077451
2198.07156,2022.3847143065982,742.0726406976345
2198.0785,-1510.9792036102501,745.3834243946835
2198.08544,-1670.367028328408,737.4798949619008
2198.09239,827.9124298892307,734.0776475300165
2198.09933,1679.5013046306783,730.3064925990382
2198.10628,812.3694739712237,728.0669312599163
2198.11322,296.2252599598194,734.5988438434777
2198.12017,779.4623145400807,746.6004912741649
2198.12711,-4111.43021098934,743.7735948269236
2198.13405,589.3788534032774,750.9040352377003
2198.141,-1469.2351098083773,719.3060847674858
2198.14794,-1163.3364010476116,732.5695699540387
2198.15489,1314.8715723288778,746.9967587532716
2198.16183,-1880.8876031301636,753.7814685075268
2198.16878,-1825.2013383565522,730.2064364737859
2198.17572,-1614.3185264640524,735.5395975363866
2198.18266,-1751.7183110469628,760.6410225046263
2198.18961,794.5764423416108,736.0953895270536
2198.19655,-915.3917828417409,731.0567439517774
2198.2035,611.1961763078685,717.5170586364209
2198.21044,-455.8300425360101,742.8470864128641
2198.21739,544.7055458735381,744.187838491245
2198.22433,-943.6138283401659,755.7781817595958
2198.23127,-1939.14819329586,745.81394837769
2198.23822,1417.6347527936566,734.9661685338107
2198.24516,549.7556102834475,737.5433203701115
2198.25211,-210.91345054780314,725.2100745039836
2198.25905,-1281.0806403202237,727.007579967697
2198.266,1572.2372943960754,724.2655899047093
2198.27294,322.314131479419,733.9332727594548
2198.27988,-1226.4203747970807,743.5524538314507
2198.28683,-16.61157794725529,729.6668117440354
2198.29377,3093.757326008329,736.577807025869
2198.30072,-2989.6871977379947,723.1629374870984
2198.30766,574.3278118366521,713.7353893329584
2198.31461,-2195.136532567635,732.5399488186532
2198.32155,1351.607206979703,728.0312050050239
2198.32849,-354.4279645479684,732.7950071447201
2198.33544,-425.28861691379865,752.7655313984678
2198.34238,1155.3513569636345,735.190701262343
2198.34933,722.3140997600991,736.2074297757824
2198.35627,-573.4115916795395,742.8513826080728
2198.36322,-1500.3279181682788,747.2120207447748
2198.37016,1716.4680293606173,746.9827395899594
2198.3771,-501.1420134008345,734.6995783153418
2198.38405,891.062203260052,739.298881401657
2198.39099,-627.5461385784755,727.8381023361754
2198.39794,1726.3369550435539,724.9099061282267
2198.40488,977.6771165134899,737.2610151218008
2198.41183,1648.4683038303913,739.9972392385876
2198.41877,-1030.4738508360297,763.6586474075746
2198.42572,-846.9660556392538,767.7694278755674
2198.43266,1579.9275968771906,756.6161659408048
2198.4396,-856.1815074194129,761.581210908692
2198.44655,-1725.1012336322458,765.4494824629379
2198.45349,-605.9790125158994,788.7400611507637
2198.46044,-544.8248218194602,767.9294046182025
2198.46738,-1965.2109484709024,775.2853952774294
2198.47433,-946.4115558830964,760.5071621065485
2198.48127,-1059.7015451865668,761.9699035172993
2198.48821,-870.2489463988118,740.1781316684222
2198.49516,831.7292601587422,753.2517928614172
2198.5021,-2615.948287958563,748.0590495474756
2198.50905,469.89544647557375,755.1718529463435
2198.51599,1829.6477873396573,766.6403199400931
2198.52294,314.88951475462363,749.372441645844
2198.52988,423.43639149006026,748.6602907611385
2198.53682,-433.4287762563589,758.4722353286771
2198.54377,-2167.03229326414,761.5857332194379
2198.55071,2466.9352093802668,745.7121963859081
2198.55766,121.43964549859697,733.1160912076766
2198.5646,-587.6584533377809,735.3497735428289
2198.57155,-172.48873283339665,764.0698385121425
2198.57849,2684.5879204593293,760.4544771863592
2198.58543,-28.884111791619915,762.2083423513751
2198.59238,-889.0663944701324,758.1362276402593
2198.59932,-1490.3406210015692,757.9767031286988
2198.60627,521.4557810401936,768.0783016995102
2198.61321,-1107.8131655763887,741.26099897652
2198.62016,-1339.3231412429361,740.0810150451547
2198.6271,315.5182290060677,730.0688451693429
2198.63405,1103.8373760841598,743.5024822977089
2198.64099,-997.8029821413583,756.0115329940824
2198.64793,-1307.4081767894365,741.227420819232
2198.65488,377.4534227683179,735.7306651653995
2198.66182,437.26335659554803,751.0482969504935
2198.66877,55.68321221385797,740.5515614782621
2198.67571,-600.2794312251148,737.2737906496579
2198.68266,1623.8062213511125,768.5732686106453
2198.6896,-1548.234564823544,748.1903096168745
2198.69654,-740.0152154238023,750.5428156668743
2198.70349,-1670.599248985208,738.0741265939076
2198.71043,-874.7207203220937,752.7657575140051
2198.71738,-1306.5142290127471,728.3016391876267
2198.72432,-1241.0047138947325,754.9590782257505
2198.73127,-509.1439030923398,737.8944777995281
2198.73821,834.0756610892352,741.7776729792353
2198.74515,3381.9425958086094,733.7502322320157
2198.7521,-696.295437114829,757.7076256393198
2198.75904,308.92899613380246,748.1918924256355
2198.76599,227.60134248889486,737.0687038573328
2198.77293,-676.9979457578348,745.8081824314891
2198.77988,-15.067887174153569,756.0149247271418
2198.78682,1980.4415257741384,759.2175121395961
2198.79376,-91.99035792151233,759.9032075064381
2198.80071,-2034.424914436394,739.0213245796295
2198.80765,570.7478375924552,740.931096407609
2198.8146,-653.0032432868775,750.860960227846
2198.82154,630.6923101643749,754.3776221216007
2198.82849,1690.1949867358924,774.2257048119042
2198.83543,232.48396834343862,759.2259914722446
2198.84237,818.3455945641181,753.9065103996501
2198.84932,-761.2977750826948,755.6716813415305
2198.85626,-529.3292371065163,764.363110364012
2198.86321,94.23003231840286,763.5642441707546
2198.87015,374.5566566200529,759.1162123788887
2198.8771,-2018.225432055856,764.383573820137
2198.88404,-2791.065387797458,763.1904751876087
2198.89098,-1080.2202865604825,771.2599734247647
2198.89793,52.31035980182184,766.4008635860996
2198.90487,-326.91139952589856,762.0072125809527
2198.91182,857.2436851558482,777.018231697477
2198.91876,-1590.1061877884504,786.8858006871897
2198.92571,184.06245660975623,781.665923508773
2198.93265,-715.3217028848397,777.2085079221093
2198.93959,1229.4538277876395,770.7334633961772
2198.94654,-930.3575788508066,762.4085676596484
2198.95348,-535.8291543415507,777.3574050034169
2198.96043,-1155.720264462729,802.8661771120907
2198.96737,-305.5007454151295,814.0311970547925
2198.97432,-583.7493679290537,802.5040530791152
2198.98126,-2738.8592672583277,823.9573299686641
2198.98821,399.46215247522787,817.1269448758757
2198.99515,-725.1803403108296,809.484126657592
2199.00209,-1005.4721428197364,750.1537838849611
2199.00904,-704.7644815063824,755.2010218506543
2199.01598,-860.9040434735527,767.8000665308707
2199.02293,210.41837057889936,778.5774113848831
2199.02987,2279.1159561761506,766.0939117442238
2199.03682,-2330.425528609912,820.4652016107058
2199.04376,-79.44637237462707,771.0175775687864
2199.0507,-1560.8582560973255,803.4044451486174
2199.05765,2212.3222178640785,764.6396496661217
2199.06459,-1081.8478661979198,760.5141716882047
2199.07154,-425.22869629641593,760.9309026234364
2199.07848,-70.14793619228165,763.0983331061617
2199.08543,-1264.775335868232,757.5958115061281
2199.09237,-1802.3391355541287,764.0538973667633
2199.09931,-1413.8985327131902,763.688607716266
2199.10626,-201.662611686058,771.95460035533
2199.12015,1580.128048301001,814.4413706394427
2199.12709,2155.2627534324847,811.9551172491337
2199.13404,1629.070643290376,803.7011087335462
2199.14098,499.344507937121,821.5960054127098
2199.14792,-1278.557869270642,816.3385930551024
2199.15487,-1426.3032310891026,812.454493413246
2199.16181,-930.5991833024044,813.3431274748089
2199.16876,1583.9695251640776,774.7059742131153
2199.1757,828.8179095583218,810.0569903713247
2199.18265,1704.4155059340392,812.3811189213943
2199.18959,-516.2240327960689,804.9836360610741
2199.19653,-1191.028092553315,815.3168899998425
2199.20348,-2805.358716198613,816.958827973898
2199.21042,886.320786558548,815.0258793033458
2199.21737,-1757.2022911729377,806.4876435573807
2199.22431,683.344669716353,800.5060961915914
2199.23126,-1429.7751221064734,804.4129204449456
2199.2382,2093.950621033246,807.8099672194722
2199.24514,-1456.5661954271375,802.2742066354566
2199.25209,-879.3197972928716,806.785776893302
2199.25903,669.9499244604015,801.0333976245594
2199.26598,1105.3373135007953,789.3285268365696
2199.27292,-733.4389841949314,792.647902924036
2199.27987,-1309.990190109789,795.012506155281
2199.28681,-183.86257047478898,807.7376102475383
2199.29375,2443.7708031622506,789.4993571249948
2199.3007,-2137.3486369326506,792.7932952145155
2199.30764,-150.35970966064656,774.3412498514612
2199.31459,224.87235406930154,771.2433539327737
2199.32153,1545.8029183354915,765.8982087466965
2199.32848,-2662.831874865345,771.5486099081197
2199.33542,-448.73589366896874,785.6742736383719
2199.34237,-2546.300632392543,784.4979075556034
2199.34931,-2011.4799533473206,770.7163916731116
2199.35625,75.07849854073153,776.8503409110366
2199.3632,1793.3344234547274,784.417410424327
2199.37014,2301.7771422659207,775.6313520494883
2199.37709,-23.97853521004083,784.6236277943384
2199.38403,187.30732762768437,782.2677300112791
2199.39098,-196.0341437317521,787.8328856151428
2199.39792,1387.649458335418,784.7120389694202
2199.40486,-1495.7829958686825,792.095276550891
2199.41181,-1992.4276842905208,776.7595555228133
2199.41875,-1680.853249428155,798.3074617647196
2199.4257,-706.2440685246614,788.4698530836982
2199.43264,-1687.2673558167864,791.6904166813673
2199.43959,-932.3045466846708,790.7255816837366
2199.44653,-3551.463788330568,788.3534035819921
2199.45347,-794.1498753805067,785.4543762783542
2199.46042,811.8936138229899,783.3267421301925
2199.46736,-2413.701506781908,782.8105203585518
2199.47431,773.709935271338,783.8245354855438
2199.48125,-1417.472627953417,783.6885269898619
2199.4882,-821.1273809616694,785.5926459294091
2199.49514,-1479.616526356589,787.271892967118
2199.50208,-1339.4929540114433,790.6216815943502
2199.50903,1876.2970054920345,785.5899325429615
2199.51597,1297.1057876215084,785.8248665862093
2199.52292,179.81634599269333,799.830689081696
2199.52986,1742.3549797054143,784.355002536034
2199.53681,-591.6519928996873,791.523769530382
2199.54375,2652.1666833178297,805.2141608513446
2199.55069,-2063.3133224232224,808.9542248959451
2199.55764,-933.2329770807971,807.443320875751
2199.56458,425.02666206384436,811.3957074098699
2199.57153,-1494.0276609526743,804.115578513405
2199.57847,-96.66179186422413,810.5596452107278
2199.58542,2545.000241937569,813.669751368429
2199.59236,-925.0560739634269,810.9472072416486
2199.5993,0.523909699908774,810.0929427417543
2199.60625,2820.2842636420405,806.8634475803622
2199.61319,-729.9612141735913,824.2351129062291
2199.62708,-2132.8400061767907,823.7837862937915
2199.63403,-1755.6007148222895,810.0798280405913
2199.64097,-3278.02826114347,816.4272303457213
2199.64791,-70.55788366139438,820.6588695683977
2199.65486,217.05113069209358,788.3123636119733
2199.66875,2002.0725294759998,829.3972175648673
2199.68264,-532.4704341505956,779.8813066306852
2199.68958,1053.2773766565258,771.6622329656096
2199.69652,-335.5797647635761,775.2506865424549
2199.70347,-178.7009180472252,767.2099049785352
2199.71041,-1114.5892829402267,772.6754566882211
2199.71736,-1592.8442208295353,787.504226681687
2199.7243,-2014.4442149834679,771.6470832246109
2199.73125,-524.8146142889176,770.9748417322378
2199.73819,-175.21139001794575,778.1038123920223
2199.74513,-364.6328979193228,772.6857449451679
2199.75208,126.81712520650724,769.4369169053372
2199.75902,-99.18524126041777,766.0971904195145
2199.76597,215.72236273718926,765.7486333187769
2199.77291,-782.6342632972318,771.7243016805966
2199.77986,-2852.7576204148863,772.7838790883532
2199.7868,-955.3087500445148,773.020735113668
2199.79374,-584.252927230606,780.8329138693842
2199.80069,1574.8263172980842,776.7349089292485
2199.80763,637.8320213121808,767.9131242995173
2199.81458,-608.0745382577652,775.2839255264371
2199.82152,-1595.8970066985326,782.1345479598134
2199.82847,-1820.5589602603827,761.3148468057605
2199.83541,-1138.869456277017,772.5302905132787
2199.84235,-3488.4513801486523,779.2787087237986
2199.8493,-177.0457523142379,790.676175438838
2199.85624,-1749.1791466209272,776.0541881042268
2199.86319,51.6839067057507,786.1442547826362
2199.87013,-392.10028281203125,793.9856024426633
2199.87708,-1710.7960341653825,803.4566778377322
2199.88402,1311.3244978953571,797.8027718854809
2199.89096,-191.08108288734164,810.9080892536969
2199.89791,1097.5128114482966,827.3214769325145
2199.9743,-1201.6148220093892,800.0176866310378
2199.98124,-1201.8132383933641,827.6167838242196
2199.98819,1987.3998922610351,785.7700335684157
2200.00207,236.40074168043395,825.3289468178856
