relative_time,cts,e_cts
2474.17542,-1140.7354577913068,802.7411516211826
2474.18236,-105.51466916351633,820.0842557192785
2474.1893,-1196.9455096167103,825.0515522541366
2474.19625,-525.4687968350386,821.7745430363535
2474.20319,-347.1355902280101,788.672044306492
2474.21014,1226.0367961569914,755.7567320162427
2474.21708,-558.6995837185742,745.9329757562192
2474.22403,112.06307823851701,735.3122747877023
2474.23097,-766.4852573600745,724.8143564893419
2474.23792,809.2802117619075,737.489122195312
2474.24486,1788.7026133035745,734.7808398126436
2474.25181,790.950691220661,734.5203161774897
2474.25875,-2563.2547544191434,732.5168395621735
2474.2657,-300.11346325482424,729.7791599750598
2474.27264,68.06927883137648,737.428769630709
2474.27959,-740.0657923587859,724.3889799797904
2474.28653,2628.7596205786526,738.9045508446769
2474.29348,393.34529481262393,736.0203007435273
2474.30042,787.9264148594687,729.9193939891977
2474.30737,-1063.600101884441,731.6400134041455
2474.31431,-1941.2508359155024,736.0659027673839
2474.32126,456.35077533200587,723.4712262650437
2474.3282,-194.16136784424535,723.0065842315336
2474.33514,1247.2267789555076,728.1081937888215
2474.34209,1488.0034912548915,731.6887317394275
2474.34903,1228.270256555494,724.0128411907583
2474.35598,1416.7862184987387,728.5885212565056
2474.36292,-3.731055792447255,732.7000786739803
2474.36987,-1155.0806702982775,726.7920715968759
2474.37681,2375.386673621216,737.7259618636338
2474.38376,-2202.056808884531,730.8180343272026
2474.3907,2528.328901874347,730.4766943490863
2474.39765,2098.599009138751,736.6481336186749
2474.40459,-139.44309429812606,727.6196600343842
2474.41154,3065.4848014476356,732.5181899637911
2474.41848,-1398.181631535687,736.7911723130956
2474.42543,2140.3104220580126,739.8015291499217
2474.43237,1164.696049200997,741.6335047597997
2474.43932,1284.4472754797894,725.556246362655
2474.44626,1001.6348461188195,742.6294778913211
2474.45321,40.81557726153899,739.5026748842367
2474.46015,441.2340679931817,726.1860529017052
2474.4671,-2187.1962623448658,731.4041086292514
2474.47404,-1736.3140941789989,738.1763727416351
2474.48099,20.906398458815243,738.868297755096
2474.48793,-2303.395932369307,731.7295554190988
2474.49488,136.6360248432761,735.1782733964151
2474.50182,-1046.2515961798747,743.8265569868208
2474.50876,1575.7583016057035,745.2958978238431
2474.51571,686.4959834499318,741.4702100411148
2474.52265,497.48598226873173,744.9995366072984
2474.5296,79.63619582565751,749.2223463426558
2474.53654,-138.15771971224314,746.9102510191888
2474.54349,986.0943204261565,736.8966075163178
2474.55043,449.1539657264507,741.2451084791616
2474.55738,-37.41526598836209,741.4756116475852
2474.56432,174.24252847610316,751.9561824790115
2474.57127,-796.896094034869,745.3746366258554
2474.57821,2479.739893516528,748.2245034242793
2474.58516,467.59660837243496,742.4844655329978
2474.5921,-1095.702887909071,747.9032117163323
2474.59905,64.3216027113277,745.3996709943052
2474.60599,-3248.631462682161,747.0203606895489
2474.61294,591.9878146093828,743.3096647984135
2474.61988,2385.020750392487,746.0023656239555
2474.62683,-305.31282111381876,749.0443010832245
2474.63377,-634.0333999904822,748.4621741089811
2474.64071,-466.07065454452,738.8561441405375
2474.64766,-1076.157798157868,752.6337724599163
2474.6546,-698.7529556708188,738.168997471262
2474.66155,-2874.000864502949,755.9190918415002
2474.66849,-677.4786247097248,740.13861016909
2474.67544,2102.386885676186,740.6442836363665
2474.68238,441.0096935705612,743.7713982745934
2474.68933,1059.3564128625344,741.0675826049678
2474.69627,278.4150023087489,738.5258151294572
2474.70322,-342.1183288332998,752.0188203386599
2474.71016,-538.2069275399895,728.477892200908
2474.71711,564.8722695127329,744.0048100003472
2474.72405,-2128.9888626499487,734.8675771473141
2474.731,1980.993155522173,730.1547793788543
2474.73794,-324.6540002207604,737.1900601755322
2474.74489,-670.3752005698808,734.9583656868374
2474.75183,889.1778661161464,748.384889585634
2474.75878,1471.188913574524,744.2103826773686
2474.76572,-2839.509010262647,738.022634711321
2474.77266,130.47954386852882,740.7861796832645
2474.77961,550.3693716476427,752.9201614799
2474.78655,688.1096095059451,741.1945203570245
2474.7935,1540.899657510646,748.1213535161023
2474.80044,519.8210017619455,752.8691578495728
2474.80739,16.47874318576914,747.4423092565326
2474.81433,-144.39958762004318,740.4399574839152
2474.82128,-494.62624715079437,744.802481848173
2474.82822,590.5101636085597,744.8955556827414
2474.83517,989.834829029927,738.4072914182487
2474.84211,1755.1056598275675,752.1437844268138
2474.84906,8.653685196876276,752.2717609493455
2474.856,334.84600061420525,753.4443250616332
2474.86295,1581.5673138565314,735.673870790083
2474.86989,-209.07364515357074,753.1455746729957
2474.87684,1500.9587249891372,760.0593193240874
2474.88378,1525.849846990418,760.006445906905
2474.89073,564.2796509566912,755.2723533437057
2474.89767,677.8439602858158,756.6277410596101
2474.90462,372.3519512650432,754.9018239152393
2474.91156,-690.9191720099351,757.5871494704082
2474.91851,-1572.5887012550454,765.1011995790574
2474.92545,1439.8330035214876,768.3272051665134
2474.93239,55.10739696609001,760.9575441539024
2474.93934,-701.1015118379618,759.1232832489791
2474.94628,-653.4604854157142,755.2300753853693
2474.95323,3260.1420783166914,765.5104751462449
2474.96017,-3043.5095081699474,768.1430311612789
2474.96712,1872.8192339424131,756.1208210677637
2474.97406,-1284.0653195760967,758.5473888975863
2474.98101,368.8533723049223,756.5911763388868
2474.98795,-1166.4003599194862,758.4253333667625
2474.9949,-2988.5080657923177,762.9674611461642
2475.00184,568.1212319276885,765.2882821416221
2475.00879,1071.7688890235427,751.9295899548492
2475.01573,264.7324214878413,754.8938253825811
2475.02268,-595.7691468928246,747.6093435489279
2475.02962,1150.1474454350025,755.0538999127933
2475.03657,1407.7315678984755,748.1989496705919
2475.04351,-26.997229139536444,757.8964953178915
2475.05045,1554.3814439987175,754.8869694974454
2475.0574,585.3973353301407,757.655812198812
2475.06434,1363.8512022272155,757.1738226983678
2475.07129,-1338.4986583808973,746.3354993153185
2475.07823,-1085.6080125550475,758.2259933125916
2475.08518,-470.0838403980031,749.8377139721023
2475.09212,1150.9474025778734,758.1721850019818
2475.09907,469.00632378418675,752.1599892462253
2475.10601,2169.9780184578763,699.8635051857432
2475.11296,-2268.1654084441648,768.0704211050698
2475.1199,777.3657548244124,774.1503446958025
2475.12685,-484.89483758600676,764.5424449405037
2475.13379,949.4921000886516,759.9965775873917
2475.14074,2200.8714678953997,761.2502696737841
2475.14768,-199.46803069331713,778.6616209920937
2475.15463,-944.9134075885264,707.3721536879219
2475.16157,1173.4514300273852,760.9032164580548
2475.16851,253.903862547258,716.6629168171742
2475.17546,2195.9298289912767,742.7672188563187
2475.1824,1040.2222607112792,722.3676365123024
2475.18935,696.8497204063492,718.6327372690973
2475.19629,912.999470036269,719.2103975302978
2475.20324,-1655.648892320712,769.8325913390214
2475.21018,-347.05903284399557,716.3083844540242
2475.21713,869.3189638044173,712.0314547769144
2475.22407,-1082.22982709299,781.7415754507513
2475.23102,2375.0507352495697,776.7868480386418
2475.23796,1600.8573854560984,779.4929490033126
2475.24491,-1076.1057557570657,780.17417468088
2475.25185,-2081.98979638131,740.2943218633069
2475.2588,-186.8502934864297,731.8814236625577
2475.26574,1407.5961122285232,771.4968055171717
2475.27269,286.8348602716812,713.7139513154261
2475.27963,-1788.6232512392771,717.7039725873146
2475.28658,895.6698699543495,739.058912137276
2475.29352,436.2703032779389,758.7537925909876
2475.30047,-194.00326697793585,770.8756207730645
2475.30741,-133.70367966912957,685.5982780053547
2475.31436,2159.1300345094087,782.446692849246
2475.3213,828.4652636664423,773.5185644928495
2475.32824,-2225.8874501077876,770.8502747734723
2475.33519,642.4644766745455,795.2087152751242
2475.34213,-31.293479947483025,780.5956038626261
2475.34908,-1945.2652682935561,776.1267094017188
2475.35602,549.7489140428683,791.5356228751872
2475.36297,573.9975565053027,786.1211356508005
2475.36991,880.0853003935423,782.1544867146017
2475.37686,640.2378721611788,784.9167851619751
2475.3838,-2937.278606763853,787.2984781072736
2475.39075,-577.1503287742643,783.6004552159343
2475.39769,3109.402355101904,723.8645047669148
2475.40464,-1195.19995971036,752.6947482868044
2475.41158,-264.4958934506621,756.9853897341854
2475.41853,1120.9659936174833,775.62280184425
2475.42547,756.4836635947145,760.7747205502856
2475.43241,1019.6258313622322,765.6444765375322
2475.43936,-730.2724720736826,756.6945340011588
2475.4463,1753.7431045953851,771.6256130560835
2475.45325,444.40127917174726,778.8197218584032
2475.46019,90.14844915657429,779.4283374797616
2475.46714,1900.828225524692,761.1165799136394
2475.47408,1396.708655002002,780.3827597922792
2475.48103,32.51372362457746,773.4103246093446
2475.48797,3551.0249232527713,782.7591550081547
2475.49492,503.23599235657406,770.9706682715357
2475.50186,-74.36402015635889,779.541771215642
2475.50881,-65.38571918601534,761.1904364944187
2475.51575,1319.411147023974,770.2783277498849
2475.5227,622.0035029954511,788.2382537560923
2475.52964,-2087.0062267596404,784.9563623170761
2475.53659,2754.4217624918792,779.6503227302895
2475.54353,3230.864228599083,782.6382421248536
2475.55048,-301.76864012984106,784.0091075208369
2475.55742,2994.538543908435,776.7953659565376
2475.56437,-84.51228831280228,784.8117654669429
2475.57131,-1476.8329690739067,763.9434898845637
2475.57825,3444.1000192922656,781.2588588109745
2475.5852,-71.5144649890775,772.0400824756465
2475.59214,-1279.0741313203114,786.9789523091342
2475.59909,3033.4865157328004,790.8763152546443
2475.60603,304.067854699417,781.4772083648396
2475.61298,-1732.6317567218334,775.4731150187888
2475.61992,1147.0402751898976,792.5646289078165
2475.62687,1624.9442913555606,791.342099935677
2475.63381,2091.0516144978515,796.8328329129357
2475.64076,-272.30443498900087,753.3826220954124
2475.6477,4.815324414351719,788.7127641091158
2475.65465,871.9356266311823,730.8317460974739
2475.66159,-51.02014677773257,758.7063207802757
2475.66854,3814.390011164245,783.6131282157305
2475.67548,-2234.7812990385055,769.0470731057544
2475.68243,-692.8150320040315,759.3391397537039
2475.68937,1716.9309487448634,767.5041873190953
2475.69631,-1193.3902137886491,793.8866720914704
2475.70326,4098.359007572186,773.660148908605
2475.7102,1299.484620754316,784.4124620963163
2475.71715,-144.88552444829276,760.4587265717615
2475.72409,-640.780214226226,764.4775217858103
2475.73104,-1324.479723680154,776.8037799973858
2475.73798,1662.1289502984514,783.6985151487834
2475.74493,-3158.519058861072,777.7828211701632
2475.75187,633.7068105531121,736.3122991240766
2475.75882,295.24214911186493,749.7560666127598
2475.76576,1736.2162420002448,761.2529704770194
2475.77271,-1031.9917706059566,754.9342335540623
2475.77965,2646.0092353339896,725.7272279828557
2475.7866,917.8967534411057,694.3483611023198
2475.79354,3142.789165310799,740.0260074495898
2475.80049,-1199.2041082607102,754.2912346299784
2475.80743,1149.0089529942982,736.0600856527235
2475.81437,-1861.5312268206949,768.3684443543746
2475.82132,-994.9103654482901,790.2126447981059
2475.82826,552.5730193335098,739.2153509708254
2475.83521,2026.052006297429,734.3419592869159
2475.84215,1928.4710505145003,741.9375528778601
2475.8491,588.909210552343,777.5513831083119
2475.85604,-1833.5832110653039,767.7526612167381
2475.86299,28.936405862444325,700.4148845539238
2475.86993,1329.730396800618,702.4625089144315
2475.87688,265.2034000212495,729.2301697789719
2475.88382,-293.5107264839761,712.212616347771
2475.89077,2049.7748231453697,779.9822098970824
2475.89771,-2967.5657258750634,782.4422261362031
2475.90466,201.5283280536211,771.2703535536008
2475.9116,-1365.50897602842,699.5228923469595
2475.91855,344.9187501571093,702.8739658996169
2475.92549,1615.5820608176216,822.2498844057571
2475.93244,393.3207798294116,775.3565649714831
2475.93938,287.5996030954464,711.2990177149246
2475.94632,-1374.4232887374978,799.5885871063159
2475.95327,-221.10094522241397,807.9814370368957
2475.96021,-284.679515412906,806.0309377158094
2475.96716,1264.4775363583674,746.868700200185
2475.9741,3468.07172554604,798.8688230441223
2475.98105,2961.9737127764834,803.1796166387203
2475.98799,-1491.0140558458124,807.9618042749164
2475.99494,-957.2066328989943,802.555523337283
2476.00188,43.464545850079446,788.3281074021879
2476.00883,316.31391983031534,749.976078199385
2476.01577,-336.77738655854995,744.4282128459961
2476.02272,-105.94482401725331,762.218819264763
2476.02966,-1524.8703903094508,755.2313219099395
2476.03661,1141.64583623568,716.5721282776508
2476.04355,-1372.9200839829875,751.333024071002
2476.05049,2015.9844506069003,751.6686508115052
2476.05744,-1505.0765150294626,747.1288083271487
2476.06438,1308.230341015286,726.9300203159685
2476.07133,581.349558419837,716.9069240017741
2476.07827,1742.7446028050763,716.8720213138108
2476.08522,2173.0930833585917,728.4383150458068
2476.09216,-414.67561550232557,688.2008135536583
2476.09911,-1264.126951323023,737.6014132836699
2476.10605,1712.5983409702885,752.6011550669982
2476.113,1072.7200911475875,714.3713891491141
2476.11994,1588.8830626814852,721.2608265710885
2476.12689,-873.7341538317625,777.7221569744175
2476.13383,180.48418862980822,732.1662545268288
2476.14078,-54.4130827805363,743.3127811098387
2476.14772,50.9220868448835,747.7691064479975
2476.15467,2966.8803451155954,783.133112379189
2476.16161,597.0399786920563,745.3352672248493
2476.16856,-272.02905693605317,780.1657606400317
2476.1755,1683.6818795009658,738.018167998278
2476.18244,1561.4510042210736,773.3286772500021
2476.18939,-607.4176073694006,746.302154783068
2476.19633,580.9563837950134,791.6104143493941
2476.20328,1954.6323810527274,750.0746575174716
2476.21022,2647.332005656976,752.4162539224312
2476.21717,1689.604429364722,743.6111159902861
2476.22411,1050.2961529017057,722.0525774272061
2476.23106,3101.6285084974334,750.2879170960085
2476.238,-1094.1765185729657,736.7962622884236
2476.24495,599.5434155370359,745.7850548405655
2476.25189,477.09169765413844,747.038954681053
2476.25884,117.24737392562254,733.013371849269
2476.26578,1571.3037421773524,744.4951096645922
2476.27273,506.69707170254406,698.9533344954647
2476.27967,-869.8194434193181,715.2834296262477
2476.28661,-1272.3160983634366,752.2802788672413
2476.29356,785.2821207380662,706.0693277580575
2476.3005,-1455.783947428861,754.2521768601148
2476.30745,-652.5440821025851,753.0684979037437
2476.31439,694.3605147168785,701.6781333286872
2476.32134,-748.7589508337157,711.9168783935113
2476.32828,495.02793969351364,751.3816385292364
2476.33523,11.23243290130034,686.6055737350546
2476.34217,727.7162656885681,713.7329608151205
2476.34912,196.61016536223497,714.4554256805492
2476.35606,-870.4266047620114,668.0203079028397
2476.36301,2012.5819579157258,711.3604090500028
2476.36995,615.2818270052046,717.9576403373329
2476.3769,-341.7145587496303,724.2754423668625
2476.38384,5996.885629355209,718.8587737244782
2476.39079,-1509.272005101325,717.0179685655618
2476.39773,-271.19731341664436,721.7984941689978
2476.40468,-766.4860883764544,719.8810277490194
2476.41162,740.9304649022552,714.5710408344273
2476.41856,943.2525174758966,712.9608427209821
2476.42551,526.6530990536947,725.491427085009
2476.43245,-475.4984314994373,686.4283594920032
2476.4394,2071.798315373103,686.7334463805388
2476.44634,-1373.8083366162411,702.7798532945732
2476.45329,-317.5563931955768,694.5719045085602
2476.46023,3126.0647529076705,696.9110078643798
2476.46718,3264.847293060683,681.0772372665974
2476.47412,-612.8904734944877,715.0560427692493
2476.48107,416.56981346366183,688.8313472320413
2476.48801,140.00527687924762,707.9407766459891
2476.49496,3242.8972419055394,704.1049089126047
2476.5019,-555.4035650010969,697.4498181098118
2476.50885,35.91559305346701,694.9244632078075
2476.51579,2982.071116789294,705.9106036294628
2476.52273,926.8769241983046,706.3524965895684
2476.52968,-1022.3352563924234,674.6971090085622
2476.53662,951.2651774125917,699.300179957099
2476.54357,2625.4598622874646,672.6890618031555
2476.55051,566.431256241756,699.6947049835402
2476.55746,845.1664076109291,678.3538927120401
2476.5644,-1408.1134199251208,681.5653555128447
2476.57135,-1213.7990411898936,699.7308541960736
2476.57829,-1675.0769126393716,700.1631904678082
2476.58524,-366.512087531105,680.0034602264914
2476.59218,-1527.9710163005627,677.1252349940975
2476.59913,-481.5418942464941,687.7935116503735
2476.60607,151.3129167629449,701.1961438282428
2476.61302,445.73267128967683,704.0387392333412
2476.61996,-362.60890747093447,697.1643639832556
2476.62691,-1687.70462204282,690.5317106227246
2476.63385,-385.0866540274263,676.2078967875408
2476.6408,19.74027472347327,679.5622944057185
2476.64774,168.27666188353592,686.0664518584801
2476.65468,744.0851069580722,707.7032098383348
2476.66163,313.7286278718982,695.8569674633007
2476.66857,-657.6706221512753,700.8128375229328
2476.67552,-656.6058824143025,693.124377851515
2476.68246,-164.27895371013176,693.3899914619969
2476.68941,2543.9348701069416,681.51383249728
2476.69635,-1664.1884166423754,692.9390611987579
2476.7033,-1442.3918068327898,701.5200324623777
2476.71024,1721.713240258107,706.7312323047881
2476.71719,-273.10387274663424,704.1034546339396
2476.72413,559.0219141969962,698.43841597096
2476.73108,976.3157506817995,701.835507055664
2476.73802,1308.2986921125473,683.9615912447945
2476.74497,168.51204727319254,705.46985331688
2476.75191,138.7253038998352,685.1952350610177
2476.75885,96.25735444356215,701.399015702029
2476.7658,-1492.872416225758,701.2989821052773
2476.77274,-1155.2767901639756,695.652537433802
2476.77969,-356.04740988794754,689.2408305533237
2476.78663,268.98358965716875,686.5250690232347
2476.79358,-507.88739878995574,706.2462303699662
2476.80052,1036.5545699178126,697.0112492152265
2476.80747,287.13309127508114,709.4269455647079
2476.81441,878.5576845328671,693.7810885458703
2476.82136,-752.0013689946783,690.5639125074526
2476.8283,547.3203725491429,679.7321333783966
2476.83525,832.3845446689768,690.4835116726803
2476.84219,-1340.628968871223,692.9085213467902
2476.84914,1059.5018407290477,704.4331603827349
2476.85608,-271.27875302189176,703.4414462101614
2476.86303,577.6652472987689,691.5679880486797
2476.86997,1080.0324120299733,705.7525027631533
2476.87691,46.50824721915619,685.8183934690273
2476.88386,326.8169281040038,700.6554637959558
2476.8908,-73.7799195182128,701.4273741359991
2476.89775,-895.900165368678,694.9520945024451
2476.90469,240.83883077379454,709.4720282033271
2476.91164,75.40029758231393,707.0981260365919
2476.91858,388.60102229876867,702.575942650312
2476.92553,970.1898095590201,706.9451151456102
2476.93247,-299.32056975118405,714.732050258067
2476.93942,1302.6199416792963,686.3711232388256
2476.94636,1068.8125482514217,694.2907093409519
2476.95331,-582.7225013567704,702.8571378179203
2476.96025,-99.3105086239622,698.5986982552671
2476.9672,1028.364799615114,704.6996050095968
2476.97414,-1530.950417777231,704.5585399790788
2476.98109,-792.6086727759607,697.9422991920544
2476.98803,-128.90757250856714,693.58756560636
2476.99498,2269.012006381368,710.463222990663
2477.00192,-2159.9037107592594,698.9136534633161
2477.00886,127.58303627577314,703.3550205066334
2477.01581,-315.2892766336813,697.2219118675758
2477.02275,1100.4118422267727,694.7513001696092
2477.0297,1300.139253907721,707.110383528198
2477.03664,-524.8352507222779,701.311758982121
2477.04359,504.2044380705055,697.5208700103083
2477.05053,967.8584969817637,697.1269682461522
2477.05748,969.6568164282487,699.757654474331
2477.06442,1872.9706866776817,694.7263696782069
2477.07137,-880.1109580242772,704.178557739289
2477.07831,590.5911877056172,690.2934166757378
2477.08526,524.3406920990851,707.4228456871066
2477.0922,-586.9270287317661,705.3386566058755
2477.09914,-666.4171734286251,703.15329128037
2477.10609,-936.7319474496285,697.5305305757267
2477.11303,258.6326573810343,695.0904587297279
2477.11998,-136.63571321213354,698.017817805594
2477.12692,1283.3931312016628,695.5485565092449
2477.13387,1191.3304358135827,702.4865045124062
2477.14081,929.2937275856611,695.4144512409101
2477.14776,1593.8867161829717,699.5260086583846
2477.1547,351.3598542420326,701.6244288951248
2477.16165,2866.1156617035476,707.2842737057289
2477.16859,877.072242753481,697.1685190651559
2477.17554,-1932.2592386830777,692.3582846261322
2477.18248,2455.6501829367835,703.2245509349615
2477.18943,-48.06920761208185,701.5275116097984
2477.19637,-875.605810473789,698.269823522852
2477.20332,-1732.8824120374738,712.4145533281295
2477.21026,1821.2664056650515,707.9575008506381
2477.21721,75.61366103789852,701.9184009395767
2477.22415,-742.7129950375188,698.9886526916179
2477.23109,-2001.349005629188,707.2352437393043
2477.23804,726.572371641393,701.8609569323039
2477.24498,2431.3731820403787,689.4821369346884
2477.25193,-876.5586746305938,728.3047291627096
2477.25887,263.5976686208472,722.7399318505767
2477.26582,1017.6492589022209,710.0609071856586
2477.27276,312.2255269944353,705.6918385674078
2477.27971,-1247.8497296094222,706.1967848953517
2477.28665,-270.0591326070824,694.1463202449137
2477.2936,-809.4025789238736,721.9717610842437
2477.30054,-1365.5355685525824,695.979750133457
2477.30749,-703.3690439080473,717.4457342472059
2477.31443,-2086.4579637028846,733.5825141925737
2477.32137,541.5372256831449,718.3810431829818
2477.32832,1800.2518711997786,732.0575991351338
2477.33526,-1792.8772240888875,718.0500909096164
2477.34221,-2452.2531957291267,724.8344047595112
2477.34915,-319.3542971338717,727.1864927462694
2477.3561,-352.5954717221584,729.9033969238812
2477.36304,-85.02772622254454,736.2228609861709
2477.36999,1410.4633264938814,737.7842368872866
2477.37693,132.18489335749277,736.0630980871013
2477.38388,-1353.7507175126266,735.2660495015606
2477.39082,-1125.5795888055716,727.5507895518855
2477.39777,-336.95366590817366,719.0450252706627
2477.40471,465.7818763524434,707.3629086306936
2477.41166,-2535.1948630835846,699.7499675728152
2477.4186,1103.1666615267254,729.9890954880765
2477.42555,-417.2190450105963,737.9963538183011
2477.43249,-2364.369058454165,739.7613287325355
2477.43944,-234.86455014037904,726.5445325926606
2477.44638,744.5418543359716,709.5122286207132
2477.45332,673.1842436886335,722.4402465685117
2477.46027,1723.95085573851,727.2818518758833
2477.46721,-117.46094513530214,715.2628619708407
2477.47416,-100.31385702585675,718.1288297116286
2477.4811,1569.8193391684413,722.8098411035505
2477.48805,2326.514808063028,722.8125419067858
2477.49499,2088.140460241397,723.7808837436696
2477.50194,-653.6226374868764,705.6550660925894
2477.50888,64.77855784332212,717.7995394710234
2477.51583,1526.0793113883665,698.5057282977461
2477.52277,-1756.3700512498535,714.2086138156666
2477.52972,412.78879281136244,725.6582536233093
2477.53666,1878.9573286797508,711.907841090378
2477.5436,-277.74499535231246,715.167502841227
2477.55055,2049.5347632885755,715.5691953839464
2477.55749,-219.97512578150574,712.246064757069
2477.56444,699.0927374932226,726.7188382783816
2477.57138,120.36742492461876,709.8996900079238
2477.57833,1897.413371464864,710.353321074398
2477.58527,2713.6608245573307,715.5203731716169
2477.59222,180.15759919243825,717.5112806641845
2477.59916,-635.2055485945796,713.0073796382663
2477.60611,-295.15084118710405,720.4080998880827
2477.61305,1156.179170075691,716.269015053018
2477.62,-191.28553178394404,709.2713377475386
2477.62694,-586.0076129842593,715.2214150288844
2477.63389,-213.29063777426757,704.0716682574017
2477.64083,1777.812455273818,714.9855102539904
2477.64778,-825.2048747762607,718.6228689495839
2477.65472,-1516.312895258568,712.5136520314536
2477.66166,687.7848898554303,714.769757626313
2477.66861,684.6847832495558,709.5189806288014
2477.67555,510.28529655466576,712.218121831289
2477.6825,-1679.8544258084298,712.6855685450818
2477.68944,1909.4304915830512,718.6138316464506
2477.69639,248.09298050957497,706.6764891007506
2477.70333,-1676.4156800276744,706.729570272028
2477.71028,-1414.4178218155214,714.8433025759498
2477.71722,982.0738631793477,717.4613158043325
2477.72417,1824.6966335279112,711.0044224081877
2477.73111,580.6075646694765,718.8498402983923
2477.73806,-685.1923265036875,721.3148426357934
2477.745,-534.1472047692221,720.7817456279745
2477.75195,1761.2857208920996,705.5694714054415
2477.75889,-1361.1648379015714,711.1465262091807
2477.76583,1740.5618344057584,713.814400420368
2477.77278,886.9112689394884,714.8592996412663
2477.77972,2340.5787215253426,715.5628588840483
2477.78667,547.7489692471672,730.9582683413404
2477.79361,1875.04791599673,732.2483173943614
2477.80056,1335.9044329963942,732.5877875856224
2477.8075,1375.5458879899331,720.4378087236704
2477.81445,1382.5345279922794,710.8757187463233
2477.82139,807.5548140027742,704.2142914436323
2477.82834,288.26036499465454,718.1132481545022
2477.83528,3930.4585883547293,709.281206067052
2477.84223,1744.9588459497895,717.5453523357676
2477.84917,156.0663304569809,728.3244658017363
2477.85612,530.1559369727635,723.687186646816
2477.86306,2418.1216909666355,713.4083450416532
2477.87,1836.787714103925,726.5607374120721
2477.87695,569.1591713864037,737.7301169455342
2477.88389,1313.8977688503583,733.7101790839629
2477.89084,-309.557029520963,730.2756922621554
2477.89778,-177.52171911188398,714.3274491580174
2477.90473,1277.7911459065213,727.8594082600363
2477.91167,2262.5906389354714,727.5687602811046
2477.91862,1652.6189027219066,722.3577681927891
2477.92556,-462.3193427278083,728.1660533042843
2477.93251,-890.950216300754,711.92903200807
2477.93945,-857.8648572837316,731.732048468239
2477.9464,131.96841359048292,734.588667274751
2477.95334,95.52564452090502,721.3289699142548
2477.96029,-352.0623747143395,728.3315294409671
2477.96723,-275.97721575779525,729.6804767799257
2477.97418,452.24441176690675,727.372328784264
2477.98112,693.5822678769371,745.9990415584351
2477.98806,829.4135572331568,719.8358412333528
2477.99501,-318.2193365127826,745.4364434691236
2478.00195,-757.1320641252689,741.4278282057307
2478.0089,314.7784093140295,724.776025858811
2478.01584,1025.8579348275664,726.3026029490109
2478.02279,-323.4521427810751,722.226675358832
2478.02973,-1380.1798430793333,735.466116695064
2478.03668,1765.146519116886,743.8305043146263
2478.04362,1324.0176785728315,729.8037788353197
2478.05057,-12.070305166512204,749.3473104308098
2478.05751,-1340.5554239215862,738.5712093992188
2478.06446,94.53746216794688,739.7190507741991
2478.0714,-2428.889274080331,736.9532205072104
2478.07835,330.0369088227041,728.8703396863989
2478.08529,-1403.3718482145007,726.721954589807
2478.09223,2056.240546090553,736.6929046261515
2478.09918,-615.0535052547787,743.1440847846834
2478.10612,-138.5651254925755,738.4563213846733
2478.11307,449.32712876464905,737.7899501248996
2478.12001,5684.56349670659,733.7844511729322
2478.12696,2106.533345781624,741.3353776334474
2478.1339,874.0288530155467,732.47902831688
2478.14085,207.1356110781855,718.704827940069
2478.14779,916.0131509386155,728.4127612921195
2478.15474,131.33871092848014,758.4128681210615
2478.16168,1550.8787099566964,744.9168504774809
2478.16863,1797.7780393133396,765.9999437941099
2478.17557,384.0232646920713,789.8847049591183
2478.18252,284.81808739428374,730.1890588045324
2478.18946,-923.7914642561291,730.8942800800745
2478.24502,1983.070800349411,739.010401556089
2478.25196,-928.5468516140677,729.9368453331792
2478.25891,-351.3482200127115,730.4557111854893
2478.26585,1829.6359871369893,746.3030896764956
2478.2728,1219.810613683365,736.2878880179119
2478.27974,52.648003989254384,737.8619369188237
2478.28669,472.19576465091933,738.077066284216
2478.29363,826.7211680387572,729.6595974933764
2478.30057,760.1480303226606,730.723090705779
2478.30752,771.2891552991999,735.1595755278634
2478.31446,1240.2998419193823,740.0107375236058
2478.32141,-931.7694292589557,736.9851107607958
2478.32835,-1223.7274016367594,729.7548527459427
2478.3353,365.083778127849,721.6563903680047
2478.34224,1496.1826660987442,741.4523431889431
2478.34919,-3040.0035539394535,705.360782416995
2478.35613,542.3405068915363,736.2381309121548
2478.36308,-314.35053975533776,736.969425326622
2478.37002,-2843.976658198984,737.7598257811219
2478.37697,211.38439007542019,738.7968303464095
2478.38391,2742.8570269155966,732.9146886541349
2478.39086,3682.8042806167873,736.9727493921422
2478.3978,727.508511593549,734.7698288456075
2478.40474,495.3711494584852,756.7390972545404
2478.41169,360.77828226267405,754.0949070101852
2478.41863,703.5868740766747,749.179964507272
2478.42558,2085.380758720211,754.5750267237744
2478.43252,-61.01644281366949,801.7308434571049
2478.43947,549.2634965998562,796.7287481113311
2478.44641,-1133.510393628829,752.7958206540311
2478.45336,3028.2552676202204,800.8402016517582
2478.4603,1029.6760395858266,784.3758973755929
2478.46725,-187.90641142845908,788.1736422325414
2478.47419,-964.4214132337684,792.262969961849
2478.48114,-287.07793256285356,744.2919261596635
2478.48808,-1581.4298845226765,740.5074775647964
2478.49503,1829.0666370395895,707.0651970125314
2478.50197,1229.9034114964386,727.911970046076
2478.50892,1497.967273774958,751.1422019347269
2478.51586,2211.3243035551413,744.4750613944229
2478.5228,125.946141761118,753.2424919583221
2478.52975,718.7122032104422,746.6930441128463
2478.53669,167.52916264965734,739.1622697995481
2478.54364,1583.5539623901511,754.2765879662795
2478.55058,-946.9116903514673,736.8986850572678
2478.55753,-1292.1331382250191,748.4656020515489
2478.56447,-1380.082718039912,745.7790299718099
2478.57142,1424.089502077991,745.3580162982538
2478.57836,279.92963353848535,748.107226237641
2478.58531,-604.068091972456,744.3746122894812
2478.59225,-735.3774056964908,737.8783494923302
2478.5992,-2087.00913531697,825.9081223879002
2478.60614,2715.3445676204124,818.797738485873
2478.61308,922.6656448152206,810.9936636605771
2478.62003,-45.12938329051469,804.9281789794481
2478.62697,206.72446572414273,799.1488755642081
2478.63392,1557.3366421233166,805.8133153012769
2478.64086,-640.9314592073999,792.5220393183378
2478.64781,-475.4871089012588,732.5917349134279
2478.65475,935.9744760191891,818.2920650185965
2478.6617,-400.8946631174264,741.5350293187606
2478.66864,-272.88001770925115,744.1233337115556
2478.67559,-1776.7209152585879,731.5342665697808
2478.68253,-2776.1740317485646,740.0635070637406
2478.68948,1832.7801376110078,733.1255590605792
2478.69642,-395.8227623957261,739.7156228316313
2478.70337,822.6058710475722,746.2184298827752
2478.71031,-1205.8476687112295,732.9746257105479
2478.71726,-2348.4379550628664,745.0638364997069
2478.7242,301.1155651321487,730.4341047596074
2478.73114,1750.1796024805708,747.3940064294407
2478.73809,925.4560939424691,740.0163468841713
2478.74503,2105.6863323362313,745.7853664717081
2478.75198,2441.1760590138533,739.2545126177365
2478.75892,2101.640736843925,738.3632475501047
2478.76587,-1023.634031117435,742.9653123859194
2478.77281,-441.5127701116498,729.5024315204945
2478.77976,1526.8332509991908,739.6145504644045
2478.7867,225.2063738940856,730.8134637371122
2478.79365,693.1039140731557,735.0180949891554
2478.80059,267.2701377584991,734.3790433928768
2478.80754,-627.4973522841351,749.6677711223767
2478.81448,-176.61393759369818,740.4243759267889
2478.82143,-410.77981071252816,745.8991118387311
2478.82837,98.50286457957561,740.2115318564418
2478.83531,320.3251320198958,746.6642701706862
2478.84226,805.281257063933,727.2397816716419
2478.8492,1671.544365884715,732.3352624831267
2478.85615,-251.89425718613867,735.057776021304
2478.86309,362.45070272757744,736.6961248146243
2478.87004,1377.6358941858248,739.9586951228036
2478.87698,1224.9498267318515,738.1685819630719
2478.88393,255.47126331712926,713.6967077255396
2478.89087,2338.0448487054427,732.4769507759298
2478.89782,304.0697244862722,710.5413385303901
2478.90476,-1208.628145641917,738.8152165838187
2478.91171,-1072.0051054295793,733.0388217259089
2478.91865,278.1226922970571,731.367751662623
2478.92559,1735.6919745414643,732.1982486574617
2478.93254,1405.119683415896,734.2421334442593
2478.93948,-565.662669967233,732.0538595614235
2478.94643,-1792.1090533225542,741.7526517332932
2478.95337,-125.64271690534265,724.0014147155323
2478.96032,-787.6457390770979,724.4821576914064
2478.96726,205.6229535123517,723.6122912955617
2478.97421,1529.2794515909927,733.1363622735203
2478.98115,1872.1076761669729,742.1776127346546
2478.9881,2333.9832561478206,731.1976010588024
2478.99504,-1506.4219305488061,702.5883040189657
2479.00199,1580.3807263428303,737.0861831280226
2479.00893,3635.447150165383,732.844363892971
2479.01588,-1979.1843444938897,741.4549401151309
2479.02282,-60.97769667494845,728.7845372451561
2479.02977,-456.64775981083557,736.2856027228667
2479.03671,-560.2855784799497,728.8560046538427
2479.04365,2202.5127252460506,738.1224605539777
2479.0506,915.4806771930818,732.4536823172876
2479.05754,1258.4739623975543,708.1942366419123
2479.06449,130.63006171037014,701.2755058925402
2479.07143,1160.280443665462,735.7044106420509
2479.07838,-836.6371671169693,764.3216023374983
2479.08532,1676.7707317760621,713.4637115079757
2479.09227,1779.6088010564001,710.6556032826506
2479.09921,168.6053288618561,756.7009743781043
2479.10616,-170.2241487702446,722.4032663395982
2479.1131,1090.6505160723025,716.7558867746952
2479.12005,553.7502579129352,748.7213473425174
2479.12699,-731.2820530984277,733.4947380874281
2479.13393,-2518.671556644434,705.1537554613085
2479.14088,790.9085171393722,706.1767366251822
2479.14782,-412.3472114823995,740.8861094029687
2479.15477,1585.2294991664799,741.2409533972611
2479.16171,-712.5714076698688,736.0691229558568
2479.16866,-1042.16631965542,727.7259262539865
2479.1756,-134.21018415278607,731.8935772771164
2479.18255,-1632.3484395479447,700.8815002513367
2479.18949,1549.7024062706985,729.2927037615727
2479.19644,834.0302687326702,714.1778662096037
2479.20338,-920.5338800462303,732.3600890974816
2479.21033,871.0908984808348,737.0548122596747
2479.21727,269.5926207867171,712.5719270551065
2479.22422,-1375.7919727154833,738.6170191771705
2479.23116,1680.7353031713105,732.9725481695978
2479.2381,-1747.7057705941313,740.7337217742722
2479.24505,1560.7663506009383,730.1066843058574
2479.25199,-1944.3754575045891,731.770586852865
2479.25894,-1020.4828170041858,727.6467719437843
2479.26588,1275.2918641434421,712.152471537263
2479.27283,345.12712751441336,736.4457811301264
2479.27977,-1714.33215277027,743.1334893258373
2479.28672,-416.3017068040397,742.2236302667013
2479.29366,-797.9150239938899,738.7430220357996
2479.30061,-2663.119343214522,736.7316507648725
2479.30755,605.0195018505958,736.9970566212594
2479.3145,1578.4366673986892,727.0387795847109
2479.32144,-2441.3339521260677,730.7991287045559
2479.32839,557.5443670732208,735.0653590457722
2479.33533,259.95470056468804,711.7983546823029
2479.34227,-298.17719508924665,738.6584661191268
2479.34922,274.54028455959593,739.2847408385618
2479.35616,120.92794547298017,735.4479382117498
2479.36311,-1495.650919492543,721.2609304481359
2479.37005,1873.779265615496,709.6696023476902
2479.377,1103.4826555052496,735.766632993509
2479.38394,-536.6856481792125,709.9454997858755
2479.39089,182.8635962800615,733.3050585986758
2479.39783,-96.99571249725987,738.953269179959
2479.40478,1158.9496748098175,703.8326471710823
2479.41172,2068.320407945436,704.1648459690177
2479.41867,446.94855213077585,728.2558030733326
2479.42561,-1169.6995988254362,698.2446852773547
2479.43255,178.70300889616237,737.6188646276514
2479.4395,2272.590051282834,735.0279633086687
2479.44644,511.63559429524213,721.3020657589497
2479.45339,-1528.5940708315247,722.1150075327593
2479.46033,451.7373878980127,701.0542477813449
2479.46728,464.95781973455036,726.0317954861536
2479.47422,1051.814419828105,706.7441130586793
2479.48117,902.1279059980168,723.1466104915764
2479.48811,-1039.3360856189754,741.8375192811084
2479.49506,-11.001825855829193,720.5489571645057
2479.502,1120.5344883621285,725.7145549830595
2479.50895,1554.395779031274,703.8012763027344
2479.51589,1226.1673696057107,735.4360962283338
2479.52284,-165.75992877647508,703.4734403407944
2479.52978,-2357.4439912048947,695.4101922819622
2479.53673,247.33083461199757,731.7218685175831
2479.54367,-1320.5589883989544,740.9917523602859
2479.55061,586.604698253344,705.0792756182441
2479.55756,-1812.363311677105,716.2157261276457
2479.5645,59.00881111645285,740.4723671227383
2479.57145,-1563.8936729932605,695.9522227158669
2479.57839,777.3631578982247,749.3580097667033
2479.58534,-399.6992460546868,731.9086394490052
2479.59228,-476.6164601617823,736.5167291535753
2479.59923,-675.7740023600934,734.0564012833122
2479.60617,1780.795492447149,743.7103185706577
2479.61312,916.2278647958177,713.6719849882323
2479.62006,-1416.9746514629212,728.3879346777647
2479.62701,-539.2707323835346,708.4382438265122
2479.63395,-955.0383034092803,711.2307704947109
2479.6409,-1051.2250214605358,708.8520899837902
2479.64784,-2077.5929925913742,741.8046941340955
2479.65478,-633.8912961894891,736.5968183572053
2479.66173,1831.7597533733215,730.4630864558626
2479.66867,442.61043887268295,713.3103889858517
2479.67562,288.25049667514105,738.5130382526135
2479.68256,-88.21155772871161,746.2851189472764
2479.68951,-1055.993497326461,734.1897794123144
2479.69645,-1180.9703623572673,748.9346069210545
2479.7034,-3257.8424482389255,708.1658782079422
2479.71034,724.0558462884273,733.2324485424665
2479.71729,1866.0635901576306,734.5103439809288
2479.72423,187.06635774524955,720.0918981554637
2479.73117,-762.5024036044641,745.5082225089527
2479.73812,682.010260907328,714.550992564258
2479.74506,-409.2660104991718,738.9885873761122
2479.75201,-1149.0040707730652,710.234901240237
2479.75895,-227.6953718294614,744.7889778319967
2479.7659,1422.1636216171644,738.8543782307297
2479.77284,-1862.0618307793736,710.866889197285
2479.77979,1180.4390312592561,712.1888285038913
2479.78673,2075.8490008407366,720.7800835952144
2479.79368,1950.4582896526522,719.2427032920733
2479.80062,1310.4599579630303,708.8269517382928
2479.80757,-324.11010000000044,735.9449898840829
2479.81451,1573.909705668224,726.3157953340445
2479.82146,1132.272283099563,728.2963151218613
2479.8284,537.2609192683202,738.3668832467675
2479.83535,968.3893086945375,713.8228144612162
2479.84229,-145.19102684501829,705.8931522854813
2479.84923,-945.3702588434735,700.9751973481901
2479.85618,1951.928565383102,716.1073823670932
2479.86312,-805.84655595648,720.7768634067415
2479.87007,-755.4856129222429,721.0329203288525
2479.87701,-151.23656713302537,738.2069125936029
2479.88396,88.69604027829605,743.9996161479718
2479.8909,-660.033201719832,720.2876025129717
2479.89785,-931.7226845875765,721.461724780972
2479.90479,-1951.9909954886555,717.788632381035
2479.91174,86.0059363789418,719.266283381858
2479.91868,-141.71384655668436,718.19801182527
2479.92563,-1521.7220847535318,705.0304534059147
2479.93257,-1615.1635401932056,740.1980278402655
2479.93952,2455.9434278419026,712.1446807586998
2479.94646,-2112.8566532946716,712.1394869063242
2479.9534,377.94157519153094,713.8202175350284
2479.96035,-124.35744619650727,730.1661019770329
2479.96729,280.0297710122845,715.1859929556837
2479.97424,-127.65585408607731,710.9503024664352
2479.98118,600.5744991106154,712.9683218684028
2479.98813,267.4197207069128,775.1978408428886
2479.99507,188.36814490463894,778.4683058066785
2480.00202,1758.4104042170359,782.5983533386099
2480.00896,2298.757095058674,782.9460298166243
2480.01591,2683.5740842707655,789.8828351722631
2480.02285,1410.116688786342,781.2682077452504
2480.02979,2460.9216314667497,789.6640701102081
2480.03674,794.9796663853657,738.7134170772594
2480.04368,-1307.210164531695,714.8444452234723
2480.05063,-758.7623105088835,721.2997804639045
2480.05757,1461.9737729358587,709.5016331618672
2480.06452,-650.995275324218,722.313724324645
2480.07146,908.8895746515545,746.3898270111661
2480.07841,-1824.8298039028184,746.1178769007861
2480.08535,350.4626681826928,739.8260441331339
2480.0923,-15.055419880793524,715.2795861754898
2480.09924,-2650.5558298264345,742.743015504249
2480.10619,-902.276554053003,727.0857320101852
2480.11313,-452.85780573245046,718.6304519740522
2480.12008,804.4932457815258,738.0289712112191
2480.12702,189.19365580119714,735.618815954903
2480.13397,1335.9869113721172,717.5260312049309
2480.14091,2107.190679738264,715.0433697694531
2480.14785,-1259.7057364269222,721.6805937200745
2480.1548,639.7097612516403,744.542165967114
2480.16174,-2474.2106221546433,736.311364230649
2480.16869,1914.4940821409505,739.2719639617181
2480.17563,-143.03713626490824,736.517871801098
2480.18258,-514.7014214754383,740.0435626706188
2480.18952,123.43813432604793,730.146365338006
2480.19647,-478.6807048498917,744.1096219412843
2480.20341,-601.7231715019757,748.733085448886
2480.21036,-29.181763448661837,740.5980583502247
2480.2173,68.34039792537632,728.2278601475525
2480.22425,-178.42493003997936,739.7027420777401
2480.23119,1293.254594829932,728.5492557325471
2480.23814,421.26100480623955,722.0901809184046
2480.24508,-1000.9873804816925,745.8908016749302
2480.25202,449.62037366976847,735.1989449288694
2480.25897,1992.2471948493555,758.2532090990392
2480.26591,439.1941305341896,744.2533877750375
2480.27286,1935.536040146766,744.4831638041286
2480.2798,-879.1999563176186,727.9411594964262
2480.28675,315.71818496284817,720.7497514973415
2480.29369,-129.7540665687223,726.3547492268607
2480.30064,-1494.1376386644242,757.7145027306548
2480.30758,-258.8886104260977,730.4984046520158
2480.31453,-1666.9126960903604,722.2233512933118
2480.32147,-251.23162550007535,757.301695343852
2480.32841,-1113.0882699655033,728.9504288900289
2480.33536,630.1480867824832,732.47944382507
2480.3423,1438.5094021821212,734.4535232359411
2480.34925,-1269.423745852581,796.3351579783175
2480.35619,1343.2268299523885,820.2562761099542
2480.36314,44.09611829893743,804.2668976950026
2480.37008,553.3424366244128,824.2640603569669
2480.37703,-707.4101726873105,801.6150205491318
2480.38397,2933.994741660934,754.9248846197864
2480.39092,-53.311882199887776,720.8326453812542
2480.39786,-492.0224650779205,793.244815814909
2480.40481,846.7529217575423,723.3208123002498
2480.41175,322.94470340399107,725.5268491582099
2480.4187,1968.5015250509623,742.0144218930171
2480.42564,3050.939833378304,736.6752455280748
2480.43258,1980.4545530308362,750.3599038899326
2480.43953,-2208.8948271679883,726.2768414412286
2480.44647,461.36969875947625,736.4261483681471
2480.45342,-1350.8475617888303,727.4765174629161
2480.46036,-12.926667546180756,728.9100207185477
2480.46731,-524.4463350564023,728.5238058559072
2480.47425,52.93065343552781,721.2859648165858
2480.4812,965.3316878010944,726.2022577211167
2480.48814,1518.2682768008874,728.8564201620327
2480.49509,177.06424459465202,718.4042077645764
2480.50203,-2169.402331860578,725.0912926980023
2480.50898,-102.16775069275931,722.374700151533
2480.51592,-1065.6020203440448,730.177320698164
2480.52287,1556.178828551775,732.1716561332993
2480.52981,-2054.113975173938,722.0655620581448
2480.53675,66.61593505967065,723.7609393505478
2480.5437,524.9709141463254,728.353551375039
2480.55064,1304.9002506262257,723.5483030342958
2480.55759,985.2916624800504,734.387872941915
2480.56453,764.3528693287986,731.716363034065
2480.57148,-861.0063069545148,725.4000152832007
2480.57842,-753.5119490195619,726.058803518506
2480.58537,1913.2503622511192,715.7463057499501
2480.59231,659.2031202331833,722.946127789883
2480.59926,534.6876770474141,730.5546021347184
2480.6062,-684.4076392868004,743.6065454001957
2480.61315,664.3936485431395,747.6417531877509
2480.62009,-288.0013995152133,738.1564283485133
2480.62703,1573.4343642988204,741.0538708346966
2480.63398,979.188989815913,728.304417531567
2480.64092,28.243649832603282,723.9041857990634
2480.64787,-1302.3367728477854,723.6265224510704
2480.65481,67.57098063447326,744.8858951173231
2480.66176,-947.9959589733718,732.1819399610027
2480.6687,-1842.163662943686,722.7493846619
2480.67565,628.6261841594211,737.7789391578636
2480.68259,1317.4712431617334,725.2837768670375
2480.68954,103.36285612435644,736.0043036782108
2480.69648,681.351368794975,729.6411073789197
2480.70343,148.0175213077526,743.6204649245619
2480.71037,-410.9228494069488,730.8333042531865
2480.71732,2107.290401703873,729.1513270999122
2480.72426,797.1344918589033,750.3435951934737
2480.7312,-16.773857877743648,740.7759997326086
2480.73815,-1597.613720770566,740.0917616206633
2480.74509,-629.2362540594447,733.7690773699009
2480.75204,-417.60442885685666,731.1599975676039
2480.75898,-1168.3512747487623,727.7589591550945
2480.76593,1262.029777610853,734.1073010365918
2480.77287,290.75590718402344,730.1058532894773
2480.77982,-256.9397731377715,734.4241260314958
2480.78676,1951.5641647004386,733.0537800207502
2480.79371,750.8292203905808,731.2574342381679
2480.80065,2623.0054554089097,734.5473242098421
2480.8076,524.8720231970963,734.6329188969901
2480.81454,2085.9544716536066,741.3277946089792
2480.82148,-519.0227066518347,729.748620123092
2480.82843,-1714.1653262319696,732.2966202214532
2480.83537,-539.705042319172,730.8952149735021
2480.84232,431.0602460830509,739.4911445319632
2480.84926,-1206.1666751241312,736.780057469012
2480.85621,-1839.0056968223485,722.6984849086203
2480.86315,169.89735157877962,742.2383808074477
2480.8701,150.42736493292614,741.929969853392
2480.87704,100.62413776676769,739.8060997400121
2480.88399,1062.7616063569442,734.8788997454926
2480.89093,2808.421830131518,736.0078354978262
2480.89788,-312.113339783125,745.7597088409732
2480.90482,393.45768977802913,742.1374123172685
2480.91176,-1486.5972037857075,744.5331286639807
2480.91871,-1751.1664344319113,733.1854961169923
2480.92565,2465.0085700239642,737.248335199185
2480.9326,-275.02113141251755,744.689359743435
2480.93954,-885.3503085465628,742.7041654884804
2480.94649,310.34535243451285,745.5732495406936
2480.95343,838.8205587785721,741.6977007751606
2480.96038,323.7352077355386,737.1654413152723
2480.96732,-613.8651518312696,739.9070682301914
2480.97427,791.5594107190669,756.358803383608
2480.98121,-212.4798774184557,759.775838861434
2480.98816,1483.9528057872574,753.0409704861536
2480.9951,45.83605884472202,740.7321636185595
2481.00205,-879.3856884785656,762.272835329468
2481.00899,-363.48365608801225,752.2412210973778
2481.01593,-1158.481293202597,742.0520253842155
2481.02288,-208.74051146220768,754.1022822805585
2481.02982,-91.61342715760117,756.7972684011457
2481.03677,-1879.1230125705285,734.6910900435954
2481.04371,-2514.1141589390486,761.581741332387
2481.05066,763.853636238468,746.0830780898705
2481.0576,549.1441418722677,740.4415156396279
2481.06455,298.74696069483645,755.6572178047286
2481.07149,-1436.8281521681795,747.2049502029732
2481.07844,-2040.7874848718932,755.75558936872
2481.08538,-90.80360169521688,757.9361763500401
2481.09233,-498.4093453440439,752.9206808651377
2481.09927,-371.8494979862396,759.7195375016837
2481.10622,-131.39677819803796,747.7507202105883
2481.11316,-231.5860866439308,757.1478534364903
2481.1201,-577.8949194508125,741.5332634089531
2481.12705,-222.60664302606463,747.8048401523407
2481.13399,-396.1680497016478,752.5090161258573
2481.14094,-757.8736423674394,757.5341721761783
2481.14788,2113.0635763733108,748.1139782457291
2481.15483,738.6728011516831,749.2117508838099
2481.16177,1496.5992130592574,742.5834603592743
2481.16872,1683.8890103337,749.1269872130422
2481.17566,1819.8578329008224,743.9271099688101
2481.18261,394.0499967029286,748.5619999516377
2481.18955,987.2009226132755,749.81319898889
2481.1965,108.61300985958302,743.185220095497
2481.20344,728.7383119590143,748.0131136325974
2481.21038,-460.2880270637595,754.0527329288965
2481.21733,205.84130306621674,753.623720722682
2481.22427,-1662.2985815170346,754.6685160665329
2481.23122,-1638.5958129392627,749.4435005768037
2481.23816,-1813.8967446524405,747.9794574692044
2481.24511,1069.4975135026996,749.6964411874893
2481.25205,1013.6562251959547,760.8575105571506
2481.259,-447.4904786876331,751.3563964066916
2481.26594,221.56943070668197,759.56953904508
2481.27289,-1677.3079838657814,752.2401823269026
2481.27983,5138.49681624384,755.7267115495125
2481.28678,-411.1795295913448,759.439069473408
2481.29372,-1492.0273764442682,762.7487999611566
2481.30066,-1661.5280215786088,754.489120405484
2481.30761,-1451.2300815430908,754.2192478360543
2481.31455,1056.6397164390175,748.1353769175162
2481.3215,3018.3380220174386,767.4940073684394
2481.32844,-1207.7275316400094,753.2822768675182
2481.33539,242.61377788458987,760.0538138405694
2481.34233,-397.3246167486189,756.0783353553322
2481.34928,72.98141665400705,771.4765494929072
2481.35622,502.72699482377743,758.875744244764
2481.36317,582.4387092629744,766.0773321945044
2481.37011,-2061.916076335331,752.8831812509867
2481.37706,507.45121906746334,771.6411946132099
2481.384,1646.388772920475,768.0092375240868
2481.39094,-261.78366374018833,761.8689613687509
2481.39789,864.5710555938991,764.2528357320471
2481.40483,-1574.7815457279717,767.7048777748838
2481.41178,1625.0851486319832,768.0452828595725
2481.41872,1920.1757411315318,761.9540366706613
2481.42567,-216.60867842581692,759.6901402972386
2481.43261,-849.541397220888,760.3578619586298
2481.43956,-26.640826989531252,773.7986170129353
2481.4465,-2152.7624753741215,770.9345190590026
2481.45345,94.9748884150095,771.0173090658676
2481.46039,323.5136379932008,771.156608186578
2481.46734,-126.41670478633614,774.2803987592845
2481.47428,2290.946372102338,772.5580134345289
2481.48123,-786.8954351629366,769.0308682863429
2481.48817,988.8401024229759,775.1924392364181
2481.49511,-819.6593985949645,763.2853249115434
2481.50206,-510.3504274634542,769.6732439481418
2481.509,48.41719572123879,761.7167814941494
2481.51595,364.6598558969626,767.003811581242
2481.52289,-342.88400655049264,767.1247244645431
2481.52984,41.20740148474494,769.5472410895128
2481.53678,-1685.8344196794583,766.705165069652
2481.54373,395.4205504677692,778.9267152173381
2481.55067,-1931.6626727992304,774.2420681287534
2481.55762,-1593.5269899674463,769.9647229434535
2481.56456,-343.9465648694675,777.6080999762522
2481.5715,1102.764345721721,768.6819452837584
2481.57845,-228.58092365948013,776.3072477102903
2481.58539,-225.4765580946579,769.6649337843411
2481.59234,-3583.8286715939958,777.4518688967978
2481.59928,-72.66407227386544,769.8833872152535
2481.60623,-832.6077764440748,776.5187413790197
2481.61317,1099.91520606263,784.0004857258934
2481.62012,448.7800083554164,787.8733336881913
2481.62706,-359.4989325455467,777.5341395184254
2481.63401,-1181.0173147827416,777.622123377666
2481.64095,-477.86807470722465,783.2763588277046
2481.6479,548.4076536054253,784.4695944724466
2481.65484,235.95172731961378,776.5975840580795
2481.66179,317.2247137828789,789.8948849097743
2481.66873,454.42385610070414,771.403316174413
2481.67567,-1696.7783860198247,776.9849415682424
2481.68262,-904.4033327237131,785.6446516338743
2481.68956,-1418.959326332638,787.2513179277041
2481.69651,-1844.6103829207252,789.1356475695271
2481.70345,-1076.0719957166252,776.5751466158174
2481.7104,904.4566216490855,780.5037765526278
2481.71734,366.50086880997395,786.6408325194908
2481.72429,-1610.2442348542972,791.586938136657
2481.73123,-2173.2530540117564,777.9475701675133
2481.73818,534.5399638858556,785.118202757096
2481.74512,-2266.0842317973115,795.7470061353185
2481.75207,-1277.1920869735336,777.1881250731711
2481.75901,-133.67906080886985,794.2192863975959
2481.76596,-2151.842644118425,791.3431387061521
2481.7729,-1081.151167831651,791.6712862992346
2481.77984,939.2856607856028,792.5728351945698
2481.78679,-789.1602664297868,798.9040373632281
2481.79373,973.0003069564378,792.9790983273796
2481.80068,-1288.3018410817253,801.3853483970883
2481.80762,-62.600671665237336,796.3563488960094
2481.81457,-3670.927186758642,821.115339292858
2481.82151,-1345.098382717368,803.4055492170536
2481.82846,-933.3288314961688,800.0684990658099
2481.8354,-1366.656921280448,803.1990416466047
2481.84235,-163.80153479977795,799.6675336624231
2481.84929,-4439.153631189071,811.3388470894513
2481.85623,1331.7633744974273,803.4117818399042
2481.86318,-2132.075257485552,804.3623607016638
2481.87012,-1602.8049762198546,811.3345881305034
2481.87707,-1718.1782004543102,805.1945197292627
2481.88401,-2988.129122323002,808.943546250929
2481.89096,-1474.0931080687956,806.810638834416
2481.8979,177.3746292126105,802.2444115799921
2481.90485,-1589.1146046203835,799.0361689676603
2481.91179,287.99101181046234,809.0074306351474
2481.91874,-1017.408471906094,795.9706534186065
2481.92568,-2447.054876640607,799.9277456664345
2481.93263,-1486.7972709792107,799.3283751023046
2481.93957,506.80894728271187,798.3746799291196
2481.94651,-1070.030091125281,805.1620062133921
2481.95346,-749.0822162055655,805.7554557858141
2481.9604,-1869.6473482967094,807.1183226491391
2481.96735,-2064.9685033763985,801.1146448112784
2481.97429,-1896.380418104429,797.4457074932419
2481.98124,-1002.8404431322151,804.3451171117772
2481.98818,580.8139683628777,803.4127167333318
2481.99513,2150.180403604177,808.2576461062235
2482.00207,-135.774053103042,798.9219042153998
2482.00902,-191.7037407772174,802.0349954522128
2482.01596,-413.3453660319185,803.279234727282
2482.02291,-514.8846605872452,801.9689296499968
2482.02985,-2394.9405929214568,809.3311115151871
2482.0368,-2849.6875066399157,798.7367953167378
2482.04374,-296.1758998919281,812.7286181080813
2484.94659,224.6134437069012,752.8942960950701
2484.95353,-2433.5201128583058,778.91996320925
2484.96048,-319.8327548147006,792.3423320261462
2484.96742,-856.4034111023201,788.35012933626
2484.97437,2922.6047272785618,788.006400186051
2484.98131,-279.2537055903408,779.5994229770099
2484.98825,1431.8099558800418,797.5740995239636
2484.9952,10.101107976874077,875.055781507226
2485.00214,-2076.0148924856094,794.5106615158602
2485.00909,-695.3852617905599,801.5721193285104
2485.01603,2680.7242174723415,809.1923317797143
2485.02298,2185.192474098407,816.0755365788383
2485.02992,1938.3169325856434,826.1692692853392
2485.05076,1238.7068873958235,824.7674485291981
2485.0577,-469.62698914305616,796.0573907532771
2485.06464,261.0644190632323,839.9779568419234
2485.09242,-685.6182223984764,816.5542020137622
2485.09937,-692.9257649366768,829.449083183405
2485.10631,1299.9399138535503,830.1930505976683
2485.11326,120.60623825684316,835.9195844727735
2487.1897,537.0741483368981,763.1374039958897
2487.19664,-137.22656585836768,768.1569506856453
2487.20359,2346.9218695544646,744.572913573177
2487.21053,2324.524108324555,769.3370978224009
2487.21748,2169.398176778678,744.0545671061043
2487.22442,-569.7555295161559,734.3011356072446
2487.23137,1461.598880671397,734.070424684726
2487.23831,113.14983990956173,739.107007210273
2487.24525,154.80775614935547,732.2765719512839
2487.2522,820.222619946561,731.5332277993058
2487.25914,31.367648159404812,744.6849969074397
2487.26609,1214.3359816484706,749.2555869978589
2487.27303,816.2213799535416,745.0416068115399
2487.27998,-157.20451126654277,736.6895805606313
2487.28692,288.4141030249686,744.5248185001799
2487.29387,794.7402297908562,741.8474914776695
2487.30081,-1755.7969615787435,743.6355270964508
2487.30776,-1093.0481022058698,747.6689689741984
2487.3147,-67.61097329776446,742.8050301016123
2487.32165,607.9313832463828,747.7937253082573
2487.32859,1535.0266569985524,746.5831421965813
2487.33554,1078.375469245149,744.4473262227378
2487.34248,-374.22236138249974,756.0297208970977
2487.34942,-2132.9805459545973,742.6641728251892
2487.35637,1221.3005221757944,745.0492937130555
2487.36331,-463.72749998384745,736.6802316263554
2487.37026,-1252.7792148989868,749.4205437493041
2487.3772,-990.0670981081585,736.7546075923722
2487.38415,-1343.943997088394,742.8565531171769
2487.39109,507.1057240074466,743.0873679167431
2487.39804,1225.3893305198646,739.4049265825304
2487.40498,-2052.879915849525,738.5246724819347
2487.41193,-269.37479061808966,744.8757151666671
2487.41887,1326.874609010486,737.493588908355
2487.42581,-774.7691402678167,742.3257414044032
2487.43276,225.32406658891387,740.6334804234255
2487.4397,-238.9014199606943,748.0483279517032
2487.44665,-935.6013496645347,747.1712940395803
2487.45359,-414.5074385624076,746.5946725488548
2487.46054,-33.25665226836562,734.5396373083265
2487.46748,-1603.9294452591453,740.5473663510401
2487.47443,-122.52931403738705,743.991098230076
2487.48137,-805.3605152511828,753.4196023243259
2487.48832,-1085.8689516983914,742.2374459140201
2487.49526,-1251.6366712534295,734.9267870643945
2487.50221,-1426.4493808433126,731.3890464573625
2487.50915,-62.369960742718675,740.8581664771887
2487.51609,1607.6546839369319,739.2206487002484
2487.52304,62.16740050007509,744.7206267347354
2487.52998,1258.7355248031834,744.2582699962705
2487.53693,-1475.88477938424,745.0028606728189
2487.54387,1697.3471128549395,740.9655753443135
2487.55082,-2067.038253548026,750.1429047376853
2487.55776,-402.362445798736,748.946345027423
2487.56471,-304.8738367110434,752.6375120336266
2487.57165,-378.9660106340699,751.8333998088553
2487.5786,-83.78670713594823,756.2169073367099
2487.58554,680.6718051501678,750.3421409148086
2487.59249,1954.271200558537,744.5858982041156
2487.59943,-1384.584333770785,745.8148675532009
2487.60638,-16.416416957263365,743.101806826347
2487.61332,241.89837665839173,744.1190747526077
2487.62026,938.6843165575701,743.5841079579337
2487.62721,1700.9195483958397,747.7735731610404
2487.63415,-3177.4681021136653,749.8160036691728
2487.6411,305.033184101923,752.0927807964866
2487.64804,379.90474751241345,738.4720068188473
2487.65499,-3077.2792091759625,752.0486330512952
2487.66193,-973.9581572115231,751.9802819540339
2487.66888,-1194.1864313578096,749.8659685290249
2487.67582,532.6980160794167,753.7833797447042
2487.68277,-1601.9140227833655,748.5863071807549
2487.68971,-2252.554038605101,751.8596807018753
2487.69666,-2630.2978318981736,744.2555691930353
2487.7036,210.01113550734422,757.1050560929165
2487.71054,1730.8685477174067,763.732723355167
2487.71749,224.7931509990927,751.5013048879674
2487.72443,-465.17357236222773,756.5953314207871
2487.73138,-381.9565269548217,756.5019459550762
2487.73832,190.87677560199404,749.5125788133975
2487.74527,-1437.273473070853,752.315077678157
2487.75221,-958.8277381024279,755.8011913925768
2487.75916,655.1068327416926,751.3805997587614
2487.7661,1356.2725405950155,757.1481650676328
2487.77305,90.88379477589423,750.3122243251258
2487.77999,-546.7402192388023,748.3287959799788
2487.78693,211.46489478724007,749.2813485056413
2487.79388,-2547.3960533299587,757.4078576864066
2487.80082,-279.8642948756018,759.013381332714
2487.80777,1951.4182174486878,765.1668498730835
2487.81471,-1084.3472568294242,754.8996424972416
2487.82166,749.48494751876,761.3397078116899
2487.8286,-2645.753282288926,759.8079368691143
2487.83555,-201.65059133853984,751.2330943512977
2487.84249,-1357.1659870806448,754.768030278047
2487.84944,1683.438495578651,758.5972498803908
2487.85638,-310.9218700481907,768.2217699632911
2487.86333,648.966556586357,763.7916216411048
2487.87027,313.5917179232806,767.184038258671
2487.87721,-1250.6253243188767,759.7312756080523
2487.88416,596.7066372465982,759.4790621366992
2487.8911,1184.5672090043324,759.2062810099392
2487.89805,-517.7296451644361,758.4549383253027
2487.90499,1792.7716850086176,761.9611003098919
2487.91194,525.2217772160609,760.0353237261127
2487.91888,2379.9572637116353,760.8824410485529
2487.92583,-839.0208337261705,760.600310987517
2487.93277,720.3425534711042,751.7879016620462
2487.93972,-1341.9705409398082,761.8598201885701
2487.94666,238.2592520529904,765.7258122657322
2487.95361,647.7970049084471,757.8530747120326
2487.96055,198.2280503771959,757.8291829911053
2487.96749,1129.6491798958523,763.9930392362257
2487.97444,730.827694892621,761.4814999815403
2487.98138,1658.376703588312,757.6418926744457
2487.98833,-209.26903787993615,758.0069166193941
2487.99527,-562.6636357285854,758.1000943310103
2488.00222,-304.530211437882,758.8881056134175
2488.00916,1567.8848369126713,761.680009019331
2488.01611,1254.2512565392444,757.8320915484356
2488.02305,-1661.2816252219163,766.4009091974966
2488.03,905.0076893861233,752.3643153986766
2488.03694,364.0005482764196,761.3344100822669
2488.04389,473.2384824538199,753.0132353144686
2488.05083,2632.732294383607,767.7615946428239
2488.05777,1741.985157710734,764.2322680766401
2488.06472,-365.5239051781469,765.3373121080465
2488.07166,-286.2942841164417,764.6522429797212
2488.07861,-3654.4476125564934,757.8519320645099
2488.08555,283.6554954785571,774.389989044407
2488.0925,34.283373005949755,758.7272000668253
2488.09944,-1903.1415673727295,765.4290355409975
2488.10639,-171.45831197170529,765.6007443005307
2488.11333,684.8536873288065,766.92715032018
2488.12028,-224.40298880864685,769.5492147534154
2488.12722,538.0166247889521,762.012103940219
2488.13416,-2120.7219117009504,764.0437312354104
2488.14111,504.1952968903247,774.6811564085762
2488.14805,484.49075587119466,769.0307644092953
2488.155,-436.6657631978077,773.3738637656688
2488.16194,-1828.2351012742756,763.6979245442512
2488.16889,328.340492759826,763.4850804739042
2488.17583,-395.5881041454021,770.3622604042724
2488.18278,153.39814461465113,778.7420218268661
2488.18972,-1460.2629179633768,767.9553253364292
2488.19667,-1286.4693460866097,762.1199283155339
2488.20361,1264.9589025965267,767.0306118594993
2488.21056,-894.8334519678027,769.6223441948621
2488.2175,1408.6371679986635,781.1825091810551
2488.22444,-266.5613846633415,775.6900102939887
2488.23139,348.862338388761,773.0021916896796
2488.23833,2932.1255780680476,779.6232108208894
2488.24528,-777.5829617307548,767.2521816018372
2488.25222,-1149.9616093970078,770.7788073647857
2488.25917,-395.5659783342826,775.753479170017
2488.26611,473.3843258285233,774.4141923964767
2488.27306,-3159.5900312208955,774.9624554532319
2488.28,-802.7746000304808,775.2778261694709
2488.28695,-315.9540897377424,767.1583806279361
2488.29389,-1612.7566051253623,767.2399241102311
2488.30084,1443.1836615659554,769.9905883282834
2488.30778,-1043.34002641523,777.2887819322078
2488.31472,-215.56793428681894,772.6745634818345
2488.32167,2238.9456259961153,771.4916116647961
2488.32861,454.5800871801584,775.48558026449
2488.33556,-1000.8077770665487,774.6200767046406
2488.3425,-99.70087856850303,771.5366943034153
2488.34945,-1771.9957561214744,775.3073272509636
2488.35639,329.61288271477025,782.8277138595109
2488.36334,-1274.263585250145,780.8360792276108
2488.37028,-308.2167039769476,771.8840591502872
2488.37723,-2632.7982563087753,782.1391129115702
2488.38417,-988.6420088933753,786.6499736996716
2488.39111,53.42864000128847,786.3414588685682
2488.39806,-153.61265071775833,784.0508660939357
2488.405,-955.4442549109475,781.6214935838303
2488.41195,552.0218477194243,788.0473277427697
2488.41889,-542.7226705493238,779.9561367581575
2488.42584,434.0432832563821,793.4869532126537
2488.43278,1071.0302193387029,783.524936602395
2488.43973,2941.5945942108265,791.8552525503741
2488.44667,-1497.7401985491022,787.5035313990575
2488.45362,-678.1423990433107,788.9528239659103
2488.46056,668.9272584046454,790.1491759220776
2488.46751,1264.9099765071496,779.5756351331302
2488.47445,-103.03034569527843,780.5159301671864
2488.48139,1695.1832500782687,774.412841994859
2488.48834,-398.3981860346299,788.158060675415
2488.49528,-312.14315249576026,784.9033850228464
2488.50223,1854.630259046447,783.1874400750364
2488.50917,1690.1057399960027,780.3575176697343
2488.51612,-1579.4881108735808,789.7434321745054
2488.52306,2131.596799804723,780.0597021745245
2488.53001,3217.814466751604,776.0372712638131
2488.53695,1251.8065102261078,793.9334167628497
2488.5439,-278.88722736672725,782.0177845200792
2488.55084,793.7665902245493,778.8801783000539
2488.55778,-609.8983990180233,788.6804583473403
2488.56473,-2174.0187317289497,798.2067107432966
2488.57167,-4719.759608183891,799.8905576834261
2488.57862,-561.2340798007593,776.5512548948901
2488.58556,-2331.20122106142,779.0252945354247
2488.59251,922.980496146222,777.6863193930268
2488.59945,417.83337386956765,783.2725153769468
2488.6064,541.9450469716674,793.3525363131764
2488.61334,2085.403715547711,771.6193804332328
2488.62029,108.50331569741297,773.6698094740234
2488.62723,218.36181135663526,775.0240545424051
2488.63417,842.4451405973222,780.6353887718224
2488.64112,-2146.0752865636487,777.3381235297749
2488.64806,-1694.3425731327739,783.9117747273204
2488.65501,896.4873823182494,783.1101555516893
2488.66195,-312.02535592388443,782.7424308035056
2488.6689,126.2351277072895,781.2277995737692
2488.67584,-42.203686247408825,777.9032146682267
2488.68279,1987.0335019578047,789.82206709947
2488.68973,-1293.4057359340586,759.1307623963997
2488.69668,-741.5041778356504,777.5291534201449
2488.70362,-371.504626188508,776.3402806113984
2488.71057,123.26923024679742,792.4151498364505
2488.71751,-102.42920922134078,754.3844123415944
2488.72445,-1497.5435592981667,754.3253063015615
2488.7314,780.5817882153075,710.1375684467206
2488.73834,-1257.8383387438435,747.239125751604
2488.74529,-253.9028237767829,770.3845939694871
2488.75223,1070.2175891960355,775.0508548206626
2488.75918,-759.2054499935591,774.7740224890497
2488.76612,-260.0336471207953,771.4982597958367
2488.77307,1065.7730019642454,771.5386679673179
2488.78001,-2880.3809927609836,773.6417626711958
2488.78696,869.9144909177894,773.0619209919977
2488.7939,-987.1873147200519,772.2734942014004
2488.80084,-1236.4119317851955,768.9895252214341
2488.80779,-847.6332797351856,775.4012321019122
2488.81473,1089.6425970803175,772.0176450333844
2488.82168,134.42572902636832,773.4457466825453
2488.82862,46.323034443446694,774.439538396069
2488.83557,1794.910305662744,777.9137062500251
2488.84251,-1443.1046111328003,756.4220645055412
2488.84946,346.14117525220144,752.1164647633188
2488.8564,3638.5093416489162,773.9614962234302
2488.86335,-67.40290757160285,771.1332358508882
2488.87029,1347.2925775919116,778.625575656608
2488.87724,311.96957394937186,776.4169418724604
2488.88418,-1478.91165267162,747.1258997698185
2488.89112,-438.11339373190043,739.1500123079419
2488.89807,1283.7744638430702,776.6230339347193
2488.90501,-336.7257596659377,781.8023435235443
2488.91196,1489.3096412502764,774.058725139899
2488.9189,-858.8056717030254,776.8787792256878
2488.92585,202.20093193624533,781.3933795874995
2488.93279,886.9208256278594,769.8365386668268
2488.93974,1906.6096064808826,779.6496994680045
2488.94668,295.689859186631,773.9027018145398
2488.95363,-1499.5930534455294,773.9801940919818
2488.96057,1062.3712364124035,779.1966916638154
2488.96751,-103.21379256118026,780.4720940531374
2488.97446,-1116.2282653576212,783.7688399099472
2488.9814,584.0521275648924,789.2627930756787
2488.98835,-618.5637184442206,775.955104519233
2488.99529,-482.20255226865476,777.911213200885
2489.00224,1077.9915396775536,780.4216098080477
2489.00918,-306.43729015310936,769.0114432784586
2489.01613,1922.3136346463255,787.4907545222136
2489.02307,-985.883034511522,781.1485413865194
2489.03002,99.8335295581727,780.1094592802816
2489.03696,-272.56641290281993,783.1450582396525
2489.0439,644.8104359155006,768.5902218508076
2489.05085,-3159.1328683348056,787.8864221961775
2489.05779,-1890.0942985743902,783.9050227192323
2489.06474,2019.1492726133731,781.4065719725331
2489.07168,-496.74720870684394,789.1525795282712
2489.07863,-2185.6974204263506,776.0463085669463
2489.08557,-700.1998590655791,783.5155876681191
2489.09252,-445.19271839672234,792.367366394596
2489.09946,-906.1713200723251,785.062940167821
2489.10641,1514.7019700057904,786.1960310020548
2489.11335,-776.0315580262,793.8829325177601
2489.12029,-1777.6839593660488,776.9066182744203
2489.12724,-702.8600463752505,785.4037607606997
2489.13418,-876.5683351960123,781.3421682030772
2489.14113,85.46473696141715,784.6396411992197
2489.14807,-1026.3141628202284,780.0201250194234
2489.15502,-543.6934015583003,781.6753018944403
2489.16196,-828.1908205069221,784.3456691547676
2489.16891,-951.742907954088,775.2535189403536
2489.17585,-1315.3919363017353,782.9626501442258
2489.1828,-1419.9975774224956,776.4597392160343
2489.18974,3234.6042178176162,783.1707158703874
2489.19669,-3.413088150020602,780.6248971900238
2489.20363,-1112.8668041002127,787.4136777529617
2489.21057,-996.1694591411532,780.762742032069
2489.21752,80.87638389587379,784.1731293788544
2489.22446,565.297126637047,792.2544520439532
2489.23141,370.6716361445291,780.8408575717962
2489.23835,1350.5322949496388,774.5346897715878
2489.2453,572.2459817301968,783.252570983825
2489.25224,2192.3060781889067,785.296767401765
2489.25919,4522.717106549922,785.4092662442177
2489.26613,4011.642656065326,793.3310337643419
2489.27308,6540.39174059685,784.3475389416228
2489.28002,5724.490509703733,789.1743937082481
2489.28696,4916.4371897499595,787.6340009707294
2489.29391,5946.083624377246,783.0506340034664
2489.30085,6426.469990347244,790.1269462339105
2489.3078,6269.419320988063,755.4767833732046
2489.31474,2001.841590588478,787.9537345229636
2489.32169,3103.2371484551663,783.4783996851106
2489.32863,4393.599183020147,780.9483703159685
2489.33558,2068.44246347626,792.6588453899078
2489.34252,3172.313203631005,789.8064855423437
2489.34947,2278.020120064347,782.0581926915604
2489.35641,538.5634335670421,792.0313241459028
2489.36336,986.8329901109968,783.438303144772
2489.3703,-1522.0569843547025,788.8738774098031
2489.37724,96.34014445042722,781.3825763745584
2489.38419,477.6315466700454,784.4531818989401
2489.39113,3963.9642339059756,784.5318168239048
2489.39808,-798.3629418227509,769.6692966203364
2489.40502,-2340.719267170623,780.403742955876
2489.41197,-1328.4198839692378,768.9556613039459
2489.41891,2668.6052978475955,789.8602938529535
2489.42586,-277.15289618150814,791.2158893229529
2489.4328,-1961.0331808432172,775.3617588238586
2489.43974,-623.3938972763661,784.2336896975524
2489.44669,999.6663760685141,785.5351652257993
2489.45363,217.60319727867312,783.2409367545039
2489.46058,-880.0615125496627,781.10096569876
2489.46752,-323.9047350770741,777.2693569243236
2489.47447,23.527631875670668,778.0993345339247
2489.48141,-191.28075343975857,782.943121259294
2489.48836,-684.8811108693488,797.1960909480765
2489.4953,841.6127738156283,777.7519696870529
2489.50225,-3743.9699947477275,785.5407745863649
2489.50919,-529.355875952845,780.9516943814889
2489.51613,530.2963787409964,780.0918001822049
2489.52308,320.06949060597486,786.4386877850371
2489.53002,2.714307251423982,777.153637893398
2489.53697,736.5218191289032,785.5823254053687
2489.54391,-1578.360525522865,783.49927897166
2489.55086,-137.43016487148643,783.1945037142671
2489.5578,1811.3497833245544,778.9903918474614
2489.56475,-553.6694415699728,781.1489568947094
2489.57169,490.8789865389356,774.2277330961971
2489.57864,73.13837487279393,775.638902786614
2489.58558,446.3648670008198,780.0732061907008
2489.59252,1420.0537749051982,784.8980872934234
2489.59947,2127.1120121555464,779.257563613656
2489.60641,944.3111284670663,776.6735181798089
2489.61336,-3111.806381612417,775.2756447514732
2489.6203,-1473.1691217311982,780.9312306031295
2489.62725,634.3760903702162,781.9004034563934
2489.63419,-2373.09119862535,777.8371488660107
2489.64114,-996.2262798861409,780.9489935782536
2489.64808,-73.26739016580079,789.7257730764287
2489.65503,294.57473908161626,770.5174527132517
2489.66197,13.435768956024951,778.357884505176
2489.66892,-2024.7437787610938,783.8495523758622
2489.67586,77.69878501255728,770.4844198121438
2489.6828,-1085.9284732466142,772.203896579569
2489.68975,945.7836894925614,785.5472149633104
2489.69669,-461.78385654789673,771.9134563547323
2489.70364,-526.0265127031172,783.1518102477407
2489.71058,-1283.5493622811168,778.5571206822992
2489.71753,283.10889445456195,779.7796496544389
2489.72447,1924.5013891439237,772.7781288982015
2489.73142,-1118.5927147130328,774.3275589388537
2489.73836,-1100.7283555905344,784.919797596353
2489.74531,-1123.9439408154865,779.421273840531
2489.75225,-374.33028963486214,795.6531012843699
2489.75919,-1777.9202796491327,785.1075034212026
2489.76614,912.1126716816802,785.1482232238263
2489.77308,1987.1095399565818,781.602276330041
2489.78003,-2918.6213541377138,788.208648797552
2489.78697,-372.9506985668882,785.3093365245137
2489.79392,657.7847830264884,766.4803751388414
2489.80086,-1306.8027587513627,782.6130000023087
2489.80781,-937.936297938454,775.1798701136694
2489.81475,-1541.2880537912843,771.3698677651149
2489.8217,634.1204489562951,773.0120600091931
2489.82864,593.3170253093148,765.9083242382064
2489.83558,8.302061391056542,773.0574542789548
2489.84253,1160.388060286682,770.7241680377956
2489.84947,-609.8591334940647,773.370851331291
2489.85642,1098.1017205672083,774.2725041036737
2489.86336,-1085.4686095572895,778.494482822651
2489.87031,254.02332115189395,768.0098607863717
2489.87725,-537.8895831598478,769.4876156642423
2489.8842,339.1178403159871,771.9695499603874
2489.89114,544.6423183872998,776.205032695541
2489.89809,-173.0901165110325,769.8363309127317
2489.90503,879.1750258262164,772.0845418519805
2489.91197,-778.9833282082309,775.5773036974408
2489.91892,-1210.444851325811,780.0890993789696
2489.92586,895.7807067640421,771.6297681379838
2489.93281,1086.4632322871935,770.7870136515389
2489.93975,-592.229640375985,770.7024577348661
2489.9467,452.09327066278036,759.1402152077231
2489.95364,-345.2024383738577,766.3911447550307
2489.96059,-3046.958953286596,772.8397279873748
2489.96753,235.1694292748195,770.4876400006166
2489.97448,1159.136549618287,777.0399964034225
2489.98142,1358.2876514396526,747.4493728957632
2489.98836,1377.2062587173257,782.0344048476807
2489.99531,75.59745621848701,774.0220565421282
2490.00225,-1034.3399112649097,740.4797423931113
2490.0092,-1904.5927297264375,772.5840865734539
2490.01614,677.812589417468,779.2827018591532
2490.02309,-367.7751285517734,751.1761697292625
2490.03003,-178.0113955138439,773.4440846497852
2490.03698,1631.7196717793693,773.2377848334312
2490.04392,-1052.035781816348,767.8745089934667
2490.05087,-648.6330073868039,774.3657856923372
2490.05781,71.99676612066422,776.6277084018573
2490.06475,-838.7620760008244,775.027066976783
2490.0717,-821.5556740972509,770.5579647617805
2490.07864,-1220.5520880484883,763.8614270170311
2490.08559,-1864.0988596810355,759.9827619400729
2490.09253,39.157491829191905,750.4913083550323
2490.09948,-3044.9451928435765,762.8872680654868
2490.10642,49.47217101574556,772.5061787878217
2490.11337,-1113.9844172543678,779.3098137685532
2490.12031,-1295.2090414788238,727.5121472902118
2490.12726,-1083.5014899086016,769.478993869299
2490.1342,-1519.9777813717517,722.105970229626
2490.14114,-496.02048488246726,765.8146271413528
2490.14809,-693.6566438429538,767.0083821713323
2490.15503,-393.74470206029804,735.5615797017252
2490.16198,-258.411814778029,767.7863173801312
2490.16892,-932.2328247678959,723.9073021104887
2490.17587,52.309780322563334,751.3942076519851
2490.18281,1043.765714555924,751.6736369097857
2490.18976,-3077.3651154942527,726.5518039859862
2490.1967,-81.00010145945761,759.7792668040017
2490.20365,2943.8503881745432,722.2033030231424
2490.21059,379.7765632357868,772.7164259319809
2490.21753,1137.7386049706568,726.7915522116383
2490.22448,-286.97862610543444,747.9864172313875
2490.23142,2473.029851755603,758.621972617698
2490.23837,1616.6098203256809,745.3287229708561
2490.24531,1623.016437230831,758.8146645408283
2490.25226,2640.8245241386944,716.366659477677
2490.2592,1074.3641531785208,716.9560578452462
2490.26615,2410.488909392683,749.3992489545645
2490.27309,2749.4642303994874,767.0377793757776
2490.28004,-74.35321694341789,790.5003842197073
2490.28698,1252.4965654527134,740.3113576990984
2490.29392,587.6429493432017,746.9923138867213
2490.30087,-519.9275796126902,737.9471160977815
2490.30781,-3026.7388704806763,776.0162881002161
2490.31476,-444.55543271025135,744.4700752961425
2490.3217,666.9485045266363,740.4157541318455
2490.32865,-1532.2591646988037,741.7263708402733
2490.33559,-280.4789353657157,747.7990230376803
2490.34254,-1551.0640266094535,738.2097172738856
2490.34948,3626.2822860177125,743.84369669966
2490.35643,-138.52378242766676,753.5995173706124
2490.36337,-1020.3198339166436,790.4162438112246
2490.37031,-262.0051296054786,746.7904807834102
2490.37726,1886.5241483285347,792.105596234872
2490.3842,570.0969733713197,738.7400096014218
2490.39115,-158.1653739560059,746.8152035207175
2490.39809,-1178.900404431545,753.7096270409725
2490.40504,-795.8908758461192,746.0982441388068
2490.41198,-788.3982244092571,746.5922833767621
2490.41893,-1507.129540996441,748.2858947593575
2490.42587,-674.1652585253134,739.7305811264727
2490.43282,-761.8180616154712,743.4915535086027
2490.43976,-178.64379897908194,760.5602144471784
2490.4467,-606.4553942783199,736.3883371228536
2490.45365,-3391.0859525875876,745.8142442909157
2490.46059,285.8013875260089,735.1982177895369
2490.46754,-1117.71526529272,743.8183507000676
2490.47448,-1035.635361924401,742.1316990796555
2490.48143,-1899.0974261590886,725.9549264709965
2490.48837,891.7347996405936,741.1508919970705
2490.49532,-370.9008927883826,732.2578740827322
2490.50226,-263.19400241422517,764.681744061214
2490.5092,-1021.2290697134944,728.2473890324843
2490.51615,-530.9053059934972,741.5602714413055
2490.52309,-1749.0380976054882,726.1603952709704
2490.53004,-964.7541314169415,742.797239323049
2490.53698,-5.31133731620968,745.0849235403513
2490.54393,-835.2987113598091,747.1377417532345
2490.55087,202.8067428773209,741.8471798465268
2490.55782,222.5525230843121,739.891902181255
2490.56476,-2592.6231849221804,721.1070885407744
2490.57171,52.20216370134344,739.9350111559713
2490.57865,-2014.5039949257944,734.9053883926075
2490.5856,-1558.2843124277456,739.2349837328046
2490.59254,-1256.0382533875509,753.5190126587925
2490.59948,617.7311439084317,742.7034383491479
2490.60643,-1111.6266160299965,749.7639612683706
2490.61337,-1598.5822703615447,743.5844195890762
2490.62032,-1715.0720689796806,750.4765578142858
2490.62726,-1407.9303885674087,747.4347262320643
2490.63421,735.4016090485605,744.802481848173
2490.64115,1434.7414700378083,752.5684337970328
2490.6481,-1245.1711560623414,741.0849300719019
2490.65504,-752.3914273080766,735.4355768430961
2490.66199,276.42845765217663,738.5507456208594
2490.66893,60.60135013182142,750.4063369301695
2490.67587,-1293.3411244105075,739.6201598249701
2490.68282,1411.3192733653595,751.3094439812173
2490.68976,-272.51416274792257,742.2275775945067
2490.69671,-2524.9791787233075,734.610896962918
2490.70365,-2609.8435063501197,732.9117800968047
2490.7106,-613.89849636352,736.3024308045632
2490.71754,-2246.183155404294,724.6193792711666
2490.72449,-1049.5977875112992,734.0722944715811
2490.73143,657.9583615728768,737.0481641286341
2490.73838,-194.30991202218394,739.516178900413
2490.74532,1321.4071444918698,740.9067809354231
2490.75226,-1474.1668607725271,733.4353204162527
2490.75921,-939.9622119960324,728.9937456188403
2490.76615,-1264.1986264858044,727.3999600789016
2490.7731,-811.9315695225407,725.453304208573
2490.78004,-2821.029802895939,725.9176346109406
2490.78699,-1712.3066542208817,737.2052262244686
2490.79393,571.4643069476875,727.398401923189
2490.80088,-1210.960600866696,730.8815032032309
2490.80782,-2500.7133965480343,728.4590904553087
2490.81477,-149.59634855284992,726.3565151366683
2490.82171,-430.20980469509044,727.5200419458225
2490.82865,-2269.7482868941156,721.8693383153992
2490.8356,1674.3923628962837,734.9029992205147
2490.84254,-1240.7916997393397,725.4285814712658
2490.84949,458.63160366417264,729.2249759265965
2490.85643,-531.2198456933561,730.4003447191668
2490.86338,-2667.0800711590127,728.500121889075
2490.87032,141.10668521399117,729.5034702909695
2490.87727,220.8531984641038,730.7577856396471
2490.88421,-94.28015872126578,726.9579632417485
2490.89116,-527.3217556085135,730.0548496591501
2490.8981,-1841.4250971358933,725.2979041454988
2490.90504,854.5583469844559,748.3157074719926
2490.91199,-368.5552451785699,731.7453447303201
2490.91893,-1291.0104350955362,721.6357188355504
2490.92588,719.2500785624466,718.6416706951832
2490.93282,-361.2893573364209,720.0775631229075
2490.93977,-1774.1167176775239,712.3291663950766
2490.94671,-1012.7032571621023,725.8710976936563
2490.95366,1448.247356000902,724.6932358519458
2490.9606,-917.2030625178372,715.9442954025033
2490.96755,-269.42548261727427,719.3196761842779
2490.97449,994.5008821270078,717.4151943952381
2490.98143,-184.15052902165704,714.643962521779
2490.98838,-676.1124337808795,717.2512764142682
2490.99532,-639.1429042033808,725.1721090409646
2491.00227,-1559.2389424943583,728.5602666995829
2491.00921,332.9598011855273,723.3831385287557
2491.01616,-1575.2578219908028,723.229088867299
2491.0231,-319.14051817009715,719.2951612010658
2491.03005,-704.1321246990523,732.2453049599835
2491.03699,1317.0290385704855,720.0441147136092
2491.04393,1587.852706247238,730.5971917241974
2491.05088,-824.2090055217868,731.2284525419128
2491.05782,-831.3406842185536,735.8125466485083
2491.06477,272.16877156495343,743.7084487838025
2491.07171,-2592.850883410321,728.0026547085519
2491.07866,-667.5596131971349,730.8845156376087
2491.0856,-583.2693101348606,784.8865569411498
2491.09255,333.34882072845045,746.8421076760225
2491.09949,-1900.597202971031,795.6809403331024
2491.10643,-3370.300570889121,793.4610878278239
2491.11338,233.26744053492004,784.7370778697835
2491.12032,-2797.3316049082578,739.2036128644569
2491.12727,-2616.5419138817238,734.5784873240951
2491.13421,-512.1640168359231,714.2538003313332
2491.14116,1423.4886772351958,731.2449689924669
2491.1481,-478.81325196251385,746.347237421687
2491.15505,487.9577562088726,730.4916526439278
2491.16199,194.67046925408954,777.7031474747234
2491.16894,-445.95746122048746,778.4055640699828
2491.17588,-1135.1653627497508,757.5558824791077
2491.18282,-2001.740102713061,726.2270843354715
2491.18977,-2455.4219650634054,730.5533556101484
2491.19671,298.11310295093324,730.8902288752217
2491.20366,19.109221659852867,723.3289147099557
2491.2106,-1898.6238506994926,716.7127777999787
2491.21755,-18.953406088588583,721.4254716913911
2491.22449,-1628.1273957223948,717.3472588061669
2491.23144,-139.40237449550233,719.6876086865567
2491.23838,-828.0958768854983,711.8265053621781
2491.24533,-217.97050651866687,715.2184025945066
2491.25227,-197.60447646099618,725.495893798052
2491.25921,580.5454461950657,724.2218418103477
2491.26616,-730.7382567547152,716.5039849344846
2491.2731,381.5920223951108,716.7110118901711
2491.28005,-706.4715396860144,726.0678408216394
2491.28699,-2040.7278594466225,713.2720583553206
2491.29394,-950.8528894110265,721.299261078667
2491.30088,-366.9165847541071,722.798310751277
2491.30783,-970.1853428459772,723.1489996636691
2491.31477,1027.892678434183,715.0640413019075
2491.32172,1216.0209712361227,711.9411856226286
2491.32866,-89.8552042514549,718.8087049875786
2491.3356,-545.669870141264,710.6979851180345
2491.34255,1105.2347496655927,703.8957005389206
2491.34949,-3741.2721000698107,721.4135258309274
2491.35644,-987.892951503784,715.929752615852
2491.36338,-1369.1077963393875,717.7503017505039
2491.37033,-2283.8973795353886,716.3730998546225
2491.37727,-654.3608916635267,716.2812725446241
2491.38422,630.0415089317385,719.7026708584456
2491.39116,440.32566321271094,722.0724179432805
2491.39811,-1530.409529990849,712.1022989233157
2491.40505,-1363.5297027651736,722.8820356515697
2491.41199,81.61110625290866,707.26921153384
2491.41894,-470.8364296072096,726.281204277224
2491.42588,-2633.595928156601,717.4597576486198
2491.43283,3.150279219821465,720.7022796866297
2491.43977,1012.9858027313284,703.3329985725613
2491.44672,-863.9436382269417,706.9508283832233
2491.45366,-401.6371762530245,727.1703918039055
2491.46061,-370.3134680847162,716.5331743848349
2491.46755,2028.2440197539752,726.6895449509839
2491.4745,517.7434608117549,726.0698144855421
2491.48144,748.0249556160135,715.6719297839333
2491.48838,-517.6084206499925,719.3289212415062
2491.49533,219.95871320799924,726.9492375697578
2491.50227,-1320.834781960092,720.6262416878527
2491.50922,-2797.885685079674,723.5868414189218
2491.51616,-409.2022299920009,716.5830353676394
2491.52311,1010.7911923485943,718.3639034701428
2491.53005,1513.8624357078183,721.5018213213106
2491.537,496.43287676108014,719.1810003258527
2491.54394,-1257.9072092263423,723.2675233748776
2491.55089,1707.3130767930036,716.8898881659825
2491.55783,-218.40814051982446,714.7779639130663
2491.56477,293.71058592338443,721.8041035295632
2491.57172,1846.4233490309093,724.0464973541515
2491.57866,-698.624148131907,707.630080396888
2491.58561,335.06144161074,717.5777619745905
2491.59255,2123.239475824392,718.187416366424
2491.5995,-2290.8967188736283,716.186848308438
2491.60644,-2032.338541335658,720.8259972502135
2491.61339,42.476571251216356,719.8107029878554
2491.62033,346.92929041165615,711.4576379664717
2491.62727,-71.17790335514663,718.530730008443
2491.63422,1590.2284782008285,718.7254994725234
2491.64116,-382.72417833591714,712.0022653265642
2491.64811,-1618.1983081361966,718.7311088330889
2491.65505,-1123.9195297093218,706.2268053620819
2491.662,-2029.8280408514477,716.0256311307032
2491.66894,668.5578716237015,714.5047672781162
2491.67589,-696.2136812444484,723.7626013833079
2491.68283,-754.6574012224494,709.0588053083342
2491.68977,-643.3912676924255,720.4824758540996
2491.69672,1107.945628974449,721.1936181213498
2491.70366,-1274.9757662878706,706.5575498813523
2491.71061,-2204.403495264819,714.3914374192833
2491.71755,-928.8366685766193,713.2240671593712
2491.7245,-1819.7201958128724,721.7654612678897
2491.73144,-847.7013192013043,727.9571565617426
2491.73839,2399.8459787359993,723.2652380798323
2491.74533,-238.41662577996735,721.1742969905131
2491.75228,-1729.2564798171065,716.4044707229705
2491.75922,766.9218525907569,716.4376075011261
2491.76616,517.5555472328101,711.6537578321697
2491.77311,-1284.9429767505048,717.2518996765532
2491.78005,-1196.206216669585,721.512728411299
2491.787,-241.92735835464688,707.4897425057027
2491.79394,-135.51446436131567,732.8658664418055
2491.80089,-446.7464073963224,713.3110122481368
2491.80783,-377.72083646557314,730.5907513472517
2491.81478,707.3473270735672,707.4530739079319
2491.82172,-1952.5203529227638,704.9949274556664
2491.82867,-485.25394053924714,729.2045121482372
2491.83561,520.5775382989573,724.4245059300385
2491.84255,1692.1109825211265,718.4572889358539
2491.8495,159.04521254841166,717.5483647701454
2491.85644,-1049.0044418159248,757.4129476617346
2491.86339,598.8988584572392,726.7911367034483
2491.87033,1039.9019038967597,730.8059845896915
2491.87728,418.0851718327308,717.5579214585163
2491.88422,781.8040055563044,726.1580060988776
2491.89117,-178.82433728765352,728.8232833838771
2491.89811,-1165.0689678015563,725.1174697139746
2491.90506,250.77383935170087,731.4989483736276
2491.912,-1334.1596102293768,725.6317649761944
2491.91894,-1571.1805439990062,728.3499156783762
2491.92589,-2070.9051805186155,730.7397110333804
2491.93283,254.81818831943687,730.7832355162869
2491.93978,1547.3216482188277,733.6140928150166
2491.94672,297.41515306871673,746.6446374087069
2491.95367,-227.6292021501978,723.1381964507282
2491.96061,-121.2663768937662,731.4880412836392
2491.96756,-1956.1069157421252,726.0331458877713
2491.9745,-842.5515106939717,722.8888915367053
2491.98145,-56.22417910386491,753.1084905670349
2491.98839,-298.7181867526763,733.8159259183277
2491.99533,383.2612226715414,715.134885448309
2492.00228,-1646.9295568298096,724.6353763364831
2492.00922,920.5355420789904,743.1756634071262
2492.01617,-380.9102773323057,738.8417052309336
2492.02311,2528.2438265724372,716.954811320676
2492.03006,-497.99134410486556,733.8792909173084
2492.037,486.8982103242754,741.9925038359927
2492.04395,1266.0163709401736,761.4620749736561
2492.05089,-182.36903765686864,725.9088050619023
2492.05783,-1870.034186421635,735.8441252709512
2492.06478,-444.7024187324774,739.576323710921
2492.07172,176.18450987929384,744.9042813547322
2492.07867,-1779.5716130733917,718.5181608856943
2492.08561,756.8211601220728,729.3304111298186
2492.09256,-2909.7317641659433,735.7035796256707
2492.0995,-894.8061323043077,731.5761290199272
2492.10645,-2745.6044709451758,739.3445740179272
2492.11339,1448.3633866629702,738.3010251986465
2492.12034,-1195.7398087262675,736.1177374140913
2492.12728,-2644.664650831027,741.8665009773636
2492.13422,921.4085247862605,737.2730579364923
2492.14117,124.07012228309587,735.7905247144363
2492.14811,26.364098534965866,741.844582920339
2492.15506,-814.8647457130671,735.7450265676271
2492.162,1128.352794342933,744.41595535439
2492.16895,-856.136135459078,741.3910557309124
2492.17589,589.7674427188666,738.1389770045317
2492.18284,-444.6104875454314,735.9438472365604
2492.18978,-543.3064595563274,731.1569851332263
2492.19673,945.1809948629109,742.0617898266815
2492.20367,-1850.0157289649312,741.2348246514581
2492.21061,952.6607655458821,737.9457656961639
2492.21756,-274.82833561233986,747.33188795503
2492.2245,-1491.0876007954491,732.3637247941444
2492.23145,-686.1260772837505,740.5225397366853
2492.23839,1401.0645312352192,724.4191043235681
2492.24534,808.0410624621662,739.3860209598835
2492.25228,-1268.0383376699467,737.0653038414732
2492.25923,2166.143189494967,714.3882172308105
2492.26617,-739.7690156340511,717.2490949962704
2492.27312,-771.5451083442634,717.6190011624519
2492.28006,749.1185731721939,736.7124335110833
2492.287,-1801.7629706098999,737.5791835955029
2492.29395,-1976.9182667024695,728.8572511784129
2492.30089,-375.02481157451086,739.9848721387759
2492.30784,-1808.646798671309,708.9462025888339
2492.31478,-379.16981740128364,743.1806495054066
2492.32173,-1013.9671291991507,711.8758469597451
2492.32867,-868.0509366854684,705.8073498442384
2492.33562,187.921681354443,713.3398900673444
2492.34256,1044.8472823745933,735.8431903775236
2492.3495,4.510445279911317,732.0802443314909
2492.35645,681.464283145618,736.1094272502905
2492.36339,515.161492918858,745.822450577669
2492.37034,-2467.742717791463,736.5262858419462
2492.37728,-1191.0652377112908,733.3388186391164
2492.38423,-3252.151959699306,729.3186730234501
2492.39117,-1892.6271326238148,725.7386544580818
2492.39812,845.3933789597377,729.0088077907292
2492.40506,959.9894990017744,727.9291097589152
2492.412,-2308.4370854849444,729.4987958238315
2492.41895,-3419.67125402945,733.3478559422497
2492.42589,525.9296992948383,735.215149748281
2492.43284,-960.3093364310563,732.2355405175176
2492.43978,-973.6864148552384,730.7152999272157
2492.44673,-4350.692768546338,728.9850199468494
2492.45367,-490.52923251997106,729.5493839459688
2492.46062,-1717.477653645906,727.3237143260296
2492.46756,-1095.272733055334,728.4627261519715
2492.47451,-1014.0813939514112,724.4332316020294
2492.48145,1732.721506490882,727.3636031122733
2492.48839,-1440.2633661293196,725.4342947088788
2492.49534,-1310.4472849632343,724.3616603162955
2492.50228,-487.19083196710983,736.8252439846787
2492.50923,1495.0281765927232,736.6957093064343
2492.51617,-2152.258983324843,726.596990501653
2492.52312,-1830.6121197524362,727.5209768392501
2492.53006,327.60005716517816,724.7342672857121
2492.53701,1108.5497778827644,727.2001006394933
2492.54395,-106.43823999292356,730.424444194189
2492.55089,-1589.2042505123845,729.4885119961281
2492.55784,-77.47461834403174,724.5870735093911
2492.56478,-1208.5822319869178,729.4352230707558
2492.57173,-543.1278949116584,735.6149725041452
2492.57867,-1516.3418769548234,733.0576234715081
2492.58562,-1239.2988826895805,738.0572257681417
2492.59256,1676.416822675197,733.0537800207502
2492.59951,-816.0748094395057,729.2814850404417
2492.60645,-593.837553194385,738.2219747654917
2492.6134,1702.6187691390003,729.3902443091843
2492.62034,-823.3570059781138,750.4476799950783
2492.62728,1575.3913039968525,750.5310932642284
2492.63423,1578.3537735147768,730.5791171179308
2492.64117,-536.2815664644004,734.6837147732222
2492.64812,-565.8166157516421,686.5431436295013
2492.65506,254.8271217455227,700.8084746869373
2492.66201,226.67332555901515,729.1803087961673
2492.66895,-803.6609828768795,732.5788541595366
2492.6759,-676.0170746512658,684.0035575719884
2492.68284,-2088.097039635538,730.5964645848647
2492.68979,20.266100337966495,728.810818138176
2492.69673,-1228.5588269934751,721.054215123592
2492.70367,-724.0483671410067,726.2279153518516
2492.71062,1112.9966504095996,718.0531033439942
2492.71756,-1406.2950522084666,723.5194252150882
2492.72451,-789.8036808620609,718.1047302366064
2492.73145,-1124.3788740134087,724.091891623913
2492.7384,1010.6073299745025,685.7035054544817
2492.74534,84.06707128717642,692.9334518381925
2492.75229,-677.5150855534008,688.1573929477994
2492.75923,533.3901488469726,724.690223417568
2492.76617,160.77871271725064,709.4201935566198
2492.77312,-1137.6204967676385,676.8890185880607
2492.78006,1018.0020253555635,718.6098843186453
2492.78701,-858.3111130798326,679.2438073780543
2492.79395,-2459.1150018564636,681.6609223965535
2492.8009,-1060.9530030827557,679.5663456105713
2492.80784,-2154.32125434905,685.477468999101
2492.81479,-353.2521824165136,685.6061726609654
2492.82173,107.43452475558746,738.5799350712097
2492.82868,-1031.8574575835269,681.9403516543541
2492.83562,1741.0269958245062,684.0549767105056
2492.84256,351.70140197424394,727.0422075272788
2492.84951,-927.9076961407417,678.6332180927933
2492.85645,-912.9221855129219,680.7352740261961
2492.8634,372.5479672536937,682.6175261270687
2492.87034,1301.629889539483,714.2654345606542
2492.87729,277.2780680237571,688.9174613044266
2492.88423,1045.5859520594338,685.6337000785554
2492.89118,-1209.4560457105679,688.0187170893743
2492.89812,59.44841878151318,664.8866490106197
2492.90507,820.3106038058017,681.5273365134562
2492.91201,1495.9669134710668,692.7112588335696
2492.91895,-940.0804240760981,681.4313541215574
2492.9259,161.65003339176062,680.9027238267814
2492.93284,-797.2965400530182,685.8719940255423
2492.93979,-52.29523753591205,677.4600307182207
2492.99534,-1497.1169362640449,680.723639796875
2493.00229,482.31640151272524,678.690662100066
2493.00923,-2130.326383513682,679.3270128931094
2493.01618,6.740373858798319,678.4385525057604
2493.02312,-1249.1331305314025,679.7622577221744
2493.03007,166.30621816932765,678.1100932815352
2493.03701,788.8000208290239,672.6796089918321
2493.04396,-2409.937010639265,684.8363398618723
2493.0509,273.3766538733942,681.5877929551067
2493.05784,-926.2401578970711,681.3467982048846
2493.06479,-1324.0662930310662,681.6893847075711
2493.07173,-176.3236012459091,686.5104223595358
2493.07868,-465.53111715975547,683.0526670790862
2493.08562,-719.9881249850016,674.2412965240903
2493.09257,-1167.2054070376846,682.3616769590527
2493.09951,-425.686894169478,677.7122441895738
2493.10646,151.25246032129434,682.2350508381386
2493.1134,585.0342850490949,681.0083667840986
2493.12034,841.8874247292434,680.5800817172168
2493.12729,-2480.427975079231,678.5973805114024
2493.13423,-352.3797190944811,673.0774580837937
2493.14118,-1209.0397065041495,674.4477002174917
2493.14812,1389.2799918264054,680.3372171801395
2493.15507,495.0465336850179,675.5262556017833
2493.16201,-120.92742608774262,680.9877991286918
2493.16896,-302.2569661301834,669.1014602133189
2493.1759,-364.5781046605726,674.9391425292594
2493.18284,-1117.9997845258488,676.837495572496
2493.18979,-871.163093028854,674.8858536038871
2493.19673,-386.4775676935789,677.6630064690543
2493.20368,-682.2431532478444,673.6007906491466
2493.21062,101.79119639553726,677.1883922389833
2493.21757,944.1208257160288,683.0971264554202
2493.22451,-1171.6553958759455,676.5935922649436
2493.23146,-1328.14118185077,677.5855141916121
2493.2384,-104.24820020028015,682.3567947378199
2493.24534,-749.0348482719012,674.836304252225
2493.25229,-1117.3108719467655,680.8440332949385
2493.25923,-1034.6639037760917,669.9942834366633
2493.26618,1856.1744952347237,683.4285981140231
2493.27312,1220.2799301840132,670.1258956558579
2493.28007,36.47081587240545,672.9534288890673
2493.28701,496.2341599691943,675.230206016381
2493.29396,-411.0773145765954,669.2843876939831
2493.3009,-1561.4777006222837,670.7040753022959
2493.30785,332.50035300439265,676.6615278540149
2493.31479,-307.76826676284895,685.2437456422045
2493.32173,679.452496366501,679.7713989023551
2493.32868,-1215.971110253318,677.1995070830667
2493.33562,-2159.9886821841224,678.2564560414762
2493.34257,368.66774402102277,679.490826997032
2493.34951,-953.3545603461982,679.3033289262771
2493.35646,-1572.997769068138,676.1817197715684
2493.3634,-941.5536083638783,669.5967459758443
2493.37035,140.57327657502975,675.3667004568086
2493.37729,420.63213316061695,681.4974199237735
2493.38424,-211.23792343843178,674.7589158518304
2493.39118,-1606.8227326634285,682.2760822719049
2493.39812,704.0662666509312,682.0861950290575
2493.40507,-1364.6659099108326,680.3052230495066
2493.41201,-707.5194513412904,682.1157999875976
2493.41896,366.5926961199724,688.1887638161472
2493.4259,428.60261901602297,688.0754339573143
2493.43285,-480.00191701716534,690.115267539259
2493.43979,-605.1032267508883,690.2253772096191
2493.44674,100.2979638375878,689.4028787474386
2493.45368,-70.26991408286582,680.5479837095364
2493.46062,999.9802925060877,685.7326949048319
2493.46757,249.55172588775125,692.6441542608784
2493.47451,609.6458739155275,690.0139874179372
2493.48146,382.62965022268344,690.0405799420996
2493.4884,-62.08928496034792,690.7757178073246
2493.49535,-646.4655089134701,685.297450075767
2493.50229,-470.6947413144067,680.9574670308189
2493.50924,-1028.2327718877295,676.2493437294971
2493.51618,-1264.7488632064624,676.3576874900494
2493.52313,-1313.3237442858206,670.640294795125
2493.53007,-722.8567935290249,679.2287452061654
2493.53701,-2555.7690627444645,672.9246549469071
2493.54396,-986.9520332074427,672.9814756918948
2493.5509,-1480.9586537698428,673.8397078584186
2493.55785,668.1740459331538,667.788558209846
2493.56479,-1647.2190621612187,674.5339181669246
2493.57174,-603.6663994297365,671.4481465936066
2493.57868,-619.5582372970769,675.0753253385443
2493.58563,-1300.9668423452297,678.3307281304456
2493.59257,-231.6950536667683,675.8561691046735
2493.59951,-1139.4386567301979,675.9176643167991
2493.60646,-331.4288612593318,677.5523774134565
2493.6134,-1404.081951711276,677.9147005551698
2493.62035,1355.4635461490109,672.3867795949028
2493.62729,-1908.0191141385392,673.0472298629683
2493.63424,251.62064504299855,684.7615483876654
2493.64118,-310.10269565153055,681.1635590930778
2493.64813,1132.1996730433536,691.2213503411405
2493.65507,1586.6477324961274,677.0982269617449
2493.66202,-1441.9825312656026,687.6647041114617
2493.66896,199.28551872084287,674.7790679990472
2493.6759,-45.24936128038821,669.6247927786719
2493.68285,-266.06038566320314,688.3371002399908
2493.68979,-619.4949761751435,681.0844047828756
2493.69674,-47.42787072075804,689.7732004218101
2493.70368,-708.2608218293659,688.534882138449
2493.71063,-1323.470558163599,691.2055610299191
2493.71757,-263.5103080238917,694.3020319391305
2493.72452,1712.4119855470565,677.2250608367541
2493.73146,304.8033041957845,691.5953077121748
2493.7384,958.7896152259918,694.7085028260353
2493.74535,-1763.496536094245,693.0098014681121
2493.75229,-2489.5058941381362,688.2036182339411
2493.75924,385.63886441198696,685.5171500312497
2493.76618,239.8592702157797,684.6763692087076
2493.77313,-128.06803821059515,690.0637445236944
2493.78007,-1270.3819077388089,692.316837684176
2493.78702,-1609.6331261837984,675.9557871932352
2493.79396,-2174.9425103124518,686.2109448315658
2493.80091,-681.0311158575032,683.8179292880887
2493.80785,-1816.764270548941,674.8613386206747
2493.81479,-216.96269140372942,672.9315108320427
2493.82174,-11.408296742733995,675.6917317384659
2493.82868,1163.0789952024163,671.0581921572558
2493.83563,-3567.2123951973235,681.6890730764285
2493.84257,-1179.070451158318,676.7350728036516
2493.84952,147.38958455555743,674.2688239416804
2493.85646,-1161.7038708474852,673.1213980748902
2493.86341,-1624.8269102918748,666.3218142990114
2493.87035,-1856.6266720225326,666.2413095871916
2493.87729,-1582.4477757112224,668.4185725029913
2493.88424,1469.6877863609639,675.2475534833151
2493.89118,-2093.1637465048625,676.7291518119437
2493.89813,-680.1041170855281,669.914090355986
2493.90507,-1219.1123521700063,670.2924105630157
2493.91202,44.15428944554274,748.6137307212975
2493.91896,-422.9673930656786,678.5510513482132
2493.92591,-292.2113284966794,660.0195938266083
2493.93285,-1190.3464085425248,669.9696645764036
2493.93979,552.7477405274208,665.1821792107844
2493.94674,-684.0834390215232,667.9751213871731
2493.95368,428.77702857879154,673.3078573751696
2493.96063,-485.33164057078426,664.9401456900872
2493.96757,-1428.2773052483378,665.9879534683157
2493.97452,-1684.10756764166,667.728621153433
2493.98146,883.8242508416004,663.4583396073637
2493.98841,610.3525494697349,665.6818278093052
2493.99535,-944.9139269737641,668.5284744192563
2494.00229,-1123.486154667112,667.8639729463379
2494.00924,-1552.7066343617216,662.2765304378478
2494.01618,361.5010587592453,685.0796199071395
2494.02313,-2013.6873135782748,665.1342918918825
2494.03007,-1236.254454181171,656.9486766710841
2494.03702,-1720.7387696754204,675.5047530529488
2494.04396,-180.59606420997602,668.6243529341076
2494.05091,-1021.382080604476,672.890167767134
2494.05785,-1534.1770466269718,654.5494285047566
2494.06479,431.965846183239,664.2868629382997
2494.07174,-1148.175547442129,664.7573220864704
2494.07868,-1159.2317009938056,659.1134743411827
2494.08563,693.2624304476552,669.4269070031662
2494.09257,-1378.3399728138443,668.5511196156134
2494.09952,677.1904697799334,666.2496197509922
2494.10646,0.07437596601681151,673.5642259284232
2494.11341,-331.9025405959753,672.649796279197
2494.12035,1212.5840952422222,655.8179750089429
2494.1273,-1343.7394631818484,660.0844131042543
2494.13424,549.9088846960329,663.2758276348894
2494.14118,-1464.446150543633,672.318324620594
2494.14813,-462.8797593991223,666.7274541695361
2494.15507,899.3265497807799,669.9492007980441
2494.16202,1005.6748322505601,661.9741443525477
2494.16896,-159.56532492529186,665.0731083108994
2494.17591,-1694.0120363675987,666.1717119653601
2494.18285,-1626.8390087021342,669.7570282601515
2494.1898,-894.0156279727601,668.8666980859473
2494.19674,-1149.617672492704,663.4752715661077
2494.20368,-209.14750173435002,665.1380314655929
2494.21063,768.688177906609,666.7777306605308
2494.21757,485.9365166184322,662.7006604228293
2494.22452,-472.39988304927556,662.8200151504177
2494.23146,-163.41293076504482,661.0628310147465
2494.23841,-2079.4331744880055,664.8983871169883
2494.24535,-163.7136548175849,666.4535303952536
2494.2523,-1445.8853996946305,656.0870165619926
2494.25924,-379.52767382995387,664.949286870268
2494.26619,-1705.4555474294384,657.1787643313178
2494.27313,-593.4086448652182,652.6071354704234
2494.28007,-384.7650506883368,662.8908592968191
2494.28702,105.84790673192686,663.2654399301385
2494.29396,-1030.0781476367363,655.856928901759
2494.30091,-596.1642951815509,655.1106761924506
2494.30785,-735.9316936220016,657.8000529524722
2494.3148,89.30714894879459,648.5994551004582
2494.32174,-55.47990005845916,648.1439542471289
2494.32869,103.8802676980014,654.761129927581
2494.33563,-2175.4401852470696,659.5842451204959
2494.34257,-179.5857560458983,656.2913427144438
2494.34952,-1037.4052190598682,662.3791609607872
2494.35646,-574.2008438872787,653.0814380693519
2494.36341,101.16523330724485,652.9428660879742
2494.37035,256.7233972478091,654.4607175061834
2494.3773,593.189048786783,658.4439867699838
2494.38424,594.3273334733925,657.6172293488555
2494.39119,1345.2390322396957,654.6667056913948
2494.39813,36.36756208718098,655.9736867031597
2494.40508,360.27177777901755,656.3064048863326
2494.41202,164.04221791885752,652.2637179513569
2494.41896,-275.0726544280823,652.2129220751247
2494.42591,-1652.678112638987,655.5647227671147
2494.43285,-173.15732496077115,654.1465933145146
2494.4398,239.71623152135908,653.8924061792587
2494.44674,-675.333563678653,645.1435696068638
2494.45369,514.5655502972959,643.9963514941685
2494.46063,-536.5744997383772,644.2348531952504
2494.46758,-302.48134055280394,651.5263986681342
2494.47452,-1179.288800712183,652.8742033595704
2494.48146,-965.4647542989542,645.6023945257133
2494.48841,-2351.1936053791987,651.2150791567482
2494.49535,-768.91878495208,655.4910739404304
2494.5023,-598.5815140770976,679.6846615676847
2494.50924,-1434.1026261956247,659.1843184875843
2494.51619,-480.90772487144847,653.5872154136757
2494.52313,-514.3106360227075,638.9301640100813
2494.53008,-90.33262316180867,697.9258866185479
2494.53702,1468.5269603550448,694.1452814744387
2494.54396,-2037.2809073791138,685.1810039055089
2494.55091,158.68382430012602,632.2751770843358
2494.55785,-2174.298784249035,643.5311900754208
2494.5648,-351.4961409283651,644.2030668187125
2494.57174,325.5677027306542,636.8297701094386
2494.57869,174.96499334153197,636.926271886575
2494.58563,-585.9095530514103,638.1232471050272
2494.59258,-576.8845074096873,644.4413607656993
2494.59952,446.39603011507273,633.1530420128389
2494.60647,-1084.9676105571511,637.9296202884696
2494.61341,-44.69715089582755,632.2282246588616
2494.62035,-1718.088242931167,637.5345758767908
2494.6273,1159.2064588712608,640.0425833118609
2494.63424,600.3804567858675,633.7898083140723
2494.64119,325.37168674200376,634.7786139293155
2494.64813,-3.5469856642603634,634.2785498226046
2494.65508,-688.7821095115216,628.5737262504288
2494.66202,-1251.311536094725,632.1281910621099
2494.66897,-1344.0296956525897,639.2275639971011
2494.67591,-3101.5461339987587,657.9764361791434
2494.68285,43.55533438960281,660.2863500846128
2494.6898,-668.693742801844,660.8202781088117
2494.69674,572.4588258005439,601.6621956750877
2494.70369,914.7242445331173,658.5398652848352
2494.71063,-1406.8988894856393,631.1758462905425
2494.71758,-402.32650434029773,659.9878074500704
2494.72452,-961.2816255957454,628.1598800931508
2494.73147,-433.79314732597913,608.1554460378609
2494.73841,-190.4707202232793,616.546114550443
2494.74536,-849.796623126619,642.3596647336084
2494.7523,1429.9159656728007,641.3610946758993
2494.75924,-723.4845225271249,636.8913691986118
2494.76619,-323.4410279369916,634.8645202476059
2494.77313,-3493.036496374005,628.634702077317
2494.78008,-2161.8096468269646,632.4754520319342
2494.78702,-998.8747290894438,633.4167858364655
2494.79397,-465.4621428002091,639.1769758749639
2494.80091,94.58431071637371,636.1165503012382
2494.80786,-238.43386936985394,628.0939181679822
2494.8148,714.5098572534442,634.925911582684
2494.82174,-863.8955431539447,629.8238865172059
2494.82869,-2608.732541327006,624.8212717861946
2494.83563,-873.7232467417739,632.2925245512699
2494.84258,-641.2503617432542,631.4996310476297
2494.84952,-927.8196084044534,617.8039617187359
2494.85647,-2341.094159435085,635.7414502826813
2494.86341,873.4640735082376,626.6747499449071
2494.87036,-603.458333703575,629.6740958146972
2494.8773,1276.4352388053794,637.9278543786619
2494.88424,696.3855977580766,631.9965788429154
2494.89119,394.8855836730952,637.028590778372
2494.89813,-891.876591810444,624.4332910137465
2494.90508,-1379.3919356739736,628.3524681392336
2494.91202,-1248.178292710695,638.3313128311889
2494.91897,514.4311333978185,633.640329242706
2494.92591,23.021127392014222,629.8009296897063
2494.93286,-1253.831385513211,635.1134096534387
2494.9398,145.92512593976812,638.3913537646494
2494.94674,1134.1233720861828,645.4814816424123
2494.95369,471.0153058830211,631.4964108591569
2494.96063,555.3028042650127,638.7693623405365
2494.96758,-1092.1078071718136,639.0405853115839
2494.97452,-247.6266764433047,628.7185308546572
2494.98147,-1594.7808898079336,632.2416247979902
2494.98841,-1754.8587440856375,662.500593229326
2494.99536,1264.7028456744158,669.0110871819855
2495.0023,-651.4497374070722,662.8160678226124
2495.00924,-719.6570688345888,634.5589139738328
2495.01619,-1013.9845805431324,635.7572395939027
2495.02313,-274.10379320596087,642.8274230785437
2495.03008,-661.1447900052316,631.1196488078399
2495.03702,239.81886204429844,646.0710877640763
2495.04397,-1187.3866398278358,646.1526312463712
2495.05091,-1123.457380724952,631.470545474327
2495.05786,1430.853040518384,630.664459585653
2495.0648,-434.57689964943853,635.2764966180287
2495.07174,141.04944896081338,625.2577631398296
2495.07869,-1706.4568182903827,629.938047392419
2495.08563,-622.7506905981871,639.8438665199751
2495.09258,473.9624015979139,635.1843576768877
2495.09952,727.2014510411109,637.1983258740024
2495.10647,-2525.2157067604867,636.8437935108525
2495.11341,-863.5275067746185,636.4128076407354
2495.12036,-722.9034343233566,632.9803983598781
2495.1273,716.5591436467122,636.24618885653
2495.13424,-319.5838654088678,639.3264549463302
2495.14119,465.1362805021718,630.0174094567162
2495.14813,-752.7143810487837,631.961260646762
2495.15508,-1619.803624028409,638.4269835919451
2495.16202,-637.144413686345,632.6564058486958
2495.16897,-105.32041908467349,642.6639206057638
2495.17591,-262.2120526841176,640.3320886432698
2495.18286,-580.9079770908739,633.4823322534442
2495.1898,138.6674443843724,638.9092847235319
2495.19675,1918.1265586153113,632.506199637997
2495.20369,-2436.1901684874906,636.1397148828328
2495.21063,840.6040238072632,631.4456149829247
2495.21758,865.223195698164,629.7500299364267
2495.22452,384.1672382799195,632.9079960577639
2495.23147,-1500.4669710462272,627.698354371066
2495.23841,-749.7681163502709,637.8444411095118
2495.24536,-179.2464936087322,622.0162798722948
2495.2523,-581.0669089735635,646.0165523141338
2495.25925,-474.67073918488137,635.253539790529
2495.26619,151.03546116904693,632.7772148549494
2495.27313,-349.61710901596524,632.9346924589739
2495.28008,1492.4259526755623,626.4998209969011
2495.28702,933.5444802467987,627.4862374400515
2495.29397,87.27043167827526,642.2940144395824
2495.30091,-236.7231182744195,641.2518160219192
2495.30786,-713.9313659758636,640.698255235741
2495.3148,-1939.2853782995749,639.6347620233385
2495.32175,-1688.703815362814,644.9856764946493
2495.32869,-335.666109904293,624.9374063253102
2495.33563,-1213.352785393793,640.5479451479947
2495.34258,-981.8316219045556,618.9903414783423
2495.34952,154.84421699303132,639.4974365665308
2495.35647,183.47543208989262,630.9699619823785
2495.36341,-842.5718705952837,638.899520281066
2495.37036,129.75531309329241,642.1716472776162
2495.3773,-30.68507208021973,642.9933147234165
2495.38425,759.0116154229064,642.426249921062
2495.39119,-1506.2114756505516,639.0485838442421
2495.39814,1130.8644374746661,634.0135594744078
2495.40508,-1294.3883089264514,644.6124462629475
2495.41202,-1005.1972055861113,629.3608026394085
2495.41897,-2081.1927477957693,637.5266812211801
2495.42591,255.28345361523208,640.8328798893133
2495.43286,-136.74166780059326,616.5085110592445
2495.4398,-851.9008604780195,645.4977903388713
2495.44675,-1371.3483203771207,624.2752940244844
2495.45369,-1194.1819646447668,646.8913009312116
2495.46064,-1392.8044361713562,639.4012464205371
2495.46758,-1445.625395444714,624.8485914496896
2495.47452,1418.7141765005156,641.2093303094879
2495.48147,-1229.3476692922627,644.4073929711637
2495.48841,773.3629566756802,632.3252458212354
2495.49536,-63.01088212585247,641.5025752146072
2495.5023,-234.2853317234659,641.2300018419422
2495.50925,-542.1637081566749,643.7654328175548
2495.51619,-486.1507110903969,639.4068557811025
2495.52314,239.19944320999917,645.9628478805714
2495.53008,1805.0934765071504,646.6318160665328
2495.53702,-1149.6983849586186,636.920766403057
2495.54397,-665.8670405850147,648.3037171461987
2495.55091,303.2925164168059,649.6198393381443
2495.55786,-124.29937892694944,637.7692341271148
2495.5648,-363.879323761976,638.2815557254319
2495.57175,435.5367235684266,641.6663893185298
2495.57869,794.9039400177312,637.9069750921125
2495.58564,1305.03310936999,637.5300052867003
2495.59258,1310.9811091103857,634.8789591572097
2495.59952,570.5287902578168,631.5652813416557
2495.60647,-215.5466394920795,641.1945797687415
2495.61341,124.20485081371575,636.6857965215904
2495.62036,-743.9156834935841,639.7135008253507
2495.6273,-1955.0474737345758,645.6445686070023
2495.63425,-1630.8795142191123,642.7816133005921
2495.64119,64.19539209860362,641.499043394992
2495.64814,1193.9706787301325,635.3956435915221
2495.65508,-1272.1618409478851,636.7961139460455
2495.66203,-1101.6476674609937,628.7639251244187
2495.66897,304.1200009772668,639.0457791639594
2495.67591,271.58030809081197,637.2639761680284
2495.68286,-706.6450143553552,645.1683962212185
2495.6898,-1021.8557599411193,631.7201620194925
2495.69675,-359.5035031356371,627.2228052475673
2495.70369,-1178.2102453278917,635.340796510437
2495.71064,-947.2598862147192,636.2112861685669
2495.71758,-994.3704125553357,635.7777033722622
2495.72453,357.4520353243714,634.2157042088613
2495.73147,1232.2176882379033,634.4725921473524
2495.73841,672.9252782091922,635.2389970038778
2495.74536,-11.236484106153213,641.2068372603477
2495.7523,810.3134767534847,635.7924539130084
2495.75925,587.912510281489,632.2365348226623
2495.76619,600.1919199446379,627.8523001554751
2495.77314,-1601.9951507574704,627.1524804864034
2495.78008,1242.3353126653312,639.7137085794457
2495.78703,-1836.3045819559586,640.736793620367
2495.79397,-1491.7043188265134,642.1588704007725
2495.80091,-893.9012593434521,644.7986978091321
2495.80786,386.64013527293133,639.609000515556
2495.8148,-545.6754795018295,641.3040661768165
2495.82175,-961.6751118517114,638.9277748379885
2495.82869,602.576625324314,643.7549412357564
2495.83564,-327.75244479387453,640.4999539520453
2495.84258,-180.81171296060577,642.8144384476051
2495.84953,-122.74423564868425,639.7301211529522
2495.85647,4.132436704024053,636.3518318138473
2495.86341,1717.9056270816454,638.6284011870661
2495.87036,-437.5645074128601,636.8567781417911
2495.8773,-717.2868023645163,628.9166243842578
2495.88425,-1004.8507756326669,631.5743186447891
2495.89119,-135.16772277672885,635.5052338766445
2495.89814,-1888.6866607035884,637.7268522917309
2495.90508,-555.4788758605413,638.3247685771958
2495.91203,-564.2833905304014,635.1062421371605
2495.91897,207.8029172313867,631.4279558848482
2495.92591,-779.394992947511,634.3189579940858
2495.93286,-2513.305060615997,630.1827817163514
2495.9398,-487.80007085075323,629.7280080023546
2495.94675,866.4245337526118,636.4517615335513
2495.95369,-275.3423192434171,626.1317846175748
2495.96064,414.4824041939578,631.2191630193539
2495.96758,-525.0845556363007,626.019909037407
2495.97453,71.55549642284377,625.2557894759269
2495.98147,1296.859959394893,621.8759419811093
2495.98842,1628.9587237336136,628.3224476725032
2495.99536,-969.8596883020348,637.0199689834285
2496.0023,-24.377553878393645,634.2401153150261
2496.00925,1583.772311944016,628.1616460029585
2496.01619,143.1838106559917,628.4238316708725
2496.02314,-568.4845938398769,629.5580651526291
2496.03008,-1262.6131511096664,629.9612119740135
2496.03703,-2112.7758369517087,615.9222290031008
2496.04397,-835.2128050415188,629.3676585245441
2496.05092,-320.0734379337802,631.3689537218627
2496.05786,-1833.8844545030813,623.932292013608
2496.0648,-467.5132989803323,624.4258118663258
2496.07175,-277.16079083711884,626.5935180937547
2496.07869,-1718.806656591743,627.5486675456048
2496.08564,-1155.4256459730566,622.8386744574278
2496.09258,387.05086511878403,615.2142030472759
2496.09953,-1909.0303571960444,629.1402716675458
2496.10647,-934.0879649593685,622.6341405508815
2496.11342,-247.9668737738984,618.4650352490866
2496.12036,-1100.6797411323,621.5232794048146
2496.1273,-248.34893355463845,622.5019050694019
2496.13425,776.691281154933,614.9770517478116
2496.14119,-766.1075604153298,623.0801885928873
2496.14814,694.4296968305198,619.2272850237114
2496.15508,-1321.407663877107,625.8083114916302
2496.16203,-838.0110449473304,627.169516322195
2496.16897,145.88689918628464,627.3759200155964
2496.17592,854.995461600376,616.257024727224
2496.18286,1388.0186128384973,626.8822962858312
2496.1898,-653.4594466452389,611.384360182647
2496.19675,-771.2221546035564,618.3139980220077
2496.20369,-1159.909394851758,625.7655141480562
2496.21064,170.42245005394028,618.3372664806498
2496.21758,-940.5086052659325,617.2917439974664
2496.22453,-575.7289791331914,614.1628634494318
2496.23147,737.8168542802047,617.3574981685399
2496.23842,-1167.9994431888476,615.8000695952295
2496.24536,510.3810711924695,613.0338238200508
2496.2523,95.77640371359303,620.5355125600464
2496.25925,-1345.64010152013,612.0269435985409
2496.26619,613.8541408642336,621.0632079613949
2496.27314,-340.0896100954388,613.8138365697998
2496.28008,180.52459680128945,612.0528089833708
2496.28703,-1057.066858858377,615.8279086439621
2496.29397,-2075.2587714567876,613.8928870029547
2496.30092,-590.5928497383773,617.7840173256141
2496.30786,-998.9164876625427,606.0276285966756
2496.3148,-1179.6062489693725,611.3084260609176
2496.32175,571.7939088194355,615.5385071896005
2496.32869,-737.2659942972616,610.9923282053461
2496.33564,315.7568272245217,610.3406036092713
2496.34258,222.7140518931895,616.5288709605564
2496.34953,-1118.3091303733322,604.2514349613102
2496.35647,366.49318190845827,620.3607913661355
2496.36342,349.8799179461643,611.1325622194839
2496.37036,140.5041983384359,611.3785430679865
2496.3773,1822.9831816292415,614.8633063807886
2496.38425,-1794.5052890545041,606.2077513970572
2496.39119,-744.9042813547323,612.7377742346487
2496.39814,233.9199961473749,616.9458334292597
2496.40508,395.2362725854873,602.3758309914782
2496.41203,812.3102013607129,612.3521826342934
2496.41897,-82.8770558309073,609.0257279418956
2496.42592,1896.3029258269871,615.0267049765212
2496.43286,-743.1645485630427,603.7083657569303
2496.4398,-588.5213336569423,648.8346327360198
2496.44675,2095.391701419847,649.0173524625891
2496.45369,-185.82315724065546,658.719053191789
2496.46064,-1354.0379375489904,613.8162257418927
2496.46758,227.64343330570662,618.8703634884688
2496.47453,1894.2405509257328,658.7030561264726
2496.48147,-866.7200639527763,650.2017585582927
2496.48842,-2886.5704027597917,649.8591720556063
2496.49536,1208.034280561305,650.2422706068214
2496.5023,1347.5607881285812,656.5799131524253
2496.50925,-1821.3082681151977,607.5198223841501
2496.51619,248.7999676949248,613.5774124096682
2496.52314,86.93407779843943,658.2084975032797
2496.53008,213.53713800800767,616.1626004910378
2496.53703,145.2312272624045,644.4497748065476
2496.54397,802.8237338739527,610.0980507033365
2496.55092,-1891.8275909891338,653.884096015458
2496.55786,-493.23055514045626,655.3587345819033
2496.5648,-596.5250601675514,650.3682734654504
2496.57175,-48.69236602009155,645.1519836477121
2496.57869,522.5440346853602,650.455010800121
2496.58564,-1662.1600095356566,615.8538779058396
2496.59258,-219.5657463372707,657.3972177622303
2496.59953,966.7840966793726,651.212586107608
2496.60647,-513.5220014780151,613.0479510985122
2496.61342,-602.9451810888779,659.6531156029947
2496.62036,489.8497727522112,648.8472018587685
2496.6273,-389.28484490252396,653.6324019293423
2496.63425,102.70043219238815,654.0298355131139
2496.64119,-358.82165419578456,657.711757462089
2496.64814,-2293.7566617456605,653.4615241861892
2496.65508,-631.8278825177598,668.3505330368725
2496.66203,836.8441940726558,656.2905116980637
2496.66897,390.50062186657544,651.3913585063718
2496.67592,2508.470934456046,650.6003347895868
2496.68286,-9.604887320921053,655.2385488379347
2496.68981,-675.9144441283264,665.7041613745198
2496.69675,791.6422007259321,659.7013145530391
2496.70369,921.5377478333623,607.5007090074082
2496.71064,-2099.9182476421224,657.9396637043251
2496.71758,1868.0848297480711,660.228698323245
2496.72453,1743.2302280021834,659.9870803107378
2496.73147,-677.4567066527003,664.5339864343249
2496.73842,478.26509278280605,669.3125383738583
2496.74536,-443.5106373664005,664.088769408699
2496.75231,736.9725416380472,657.8817003118147
2496.75925,-684.4611359662679,661.8871992637821
2496.76619,54.75764294712539,660.9241551563214
2496.77314,-1585.8598250907678,657.9350931142346
2496.78008,443.23245463317005,654.1722509452494
2496.78703,-2338.468978690424,658.5215829244735
2496.79397,1098.8677099155436,657.8053506818951
2496.80092,-1379.9755169268822,660.99136360606
2496.80786,119.83661321184506,658.8494188864136
2496.81481,1213.0731483818972,649.6742709110393
2496.82175,-2122.0466556878396,656.8188303616971
2496.82869,-1702.848856799234,658.2046540525218
2496.83564,-1000.079806717602,654.7875146976484
2496.84258,-3180.76630224914,659.4297799508491
2496.84953,1410.3154055782277,664.6579117520038
2496.85647,-555.3797771572173,658.1074251360528
2496.86342,-1099.6963371235272,655.1713403881961
2496.87036,-459.677333901451,658.45707527797
2496.87731,-1049.2663158526964,663.0072015900298
2496.88425,196.7994293427973,656.7176541174229
2496.89119,2555.139360082462,654.7718292634744
2496.89814,49.181419159766385,664.4882805334208
2496.90508,612.3234086921331,662.402741050572
2496.91203,-79.20583321782551,657.5294532437099
2496.91897,2043.4506846159427,666.0239988038016
2496.92592,657.1536260858204,655.1765342405716
2496.93286,450.6148925226247,652.3261480569101
2496.93981,976.6818133972232,657.4983940065046
2496.94675,1095.7560729573956,654.2554564603046
2496.95369,2292.104185673879,659.3393030424684
2496.96064,677.0017251846086,664.0901198103167
2496.96758,1814.5213573391152,656.3566813773273
2496.97453,364.108892036972,657.3499537056134
2496.98147,-457.93188787214837,647.5247431669246
2496.98842,740.9492666478544,657.3819478362464
2496.99536,-766.4456802049733,661.8123039125278
2497.00231,-2027.8914610547276,662.729953750227
2497.00925,-1004.021629039446,654.0730483648779
2497.01619,175.7175825507385,654.281841230372
2497.02314,261.3660780092,658.2688500678828
2497.03008,-744.4363152557017,591.3410761115886
2497.03703,272.72492927731946,654.2784132878043
2497.04397,2832.2178802979533,655.5378186118097
2497.05092,283.8401888690291,652.4482035877338
2497.05786,164.29630117706583,652.5718172742701
2497.06481,-847.9943563523287,658.0729379562797
2497.07175,-206.07263725102047,653.692442862803
2497.07869,108.748777160678,656.1384357005097
2497.08564,-159.9409443290863,659.1016323577667
2497.09258,555.1398211774701,595.5601462732355
2497.09953,-783.7963673275373,653.3525571633518
2497.10647,-216.7220082846498,655.1631341014428
2497.11342,-731.5186850126545,594.5235572161379
2497.12036,669.0913841397105,653.3949389987357
2497.12731,-484.4846271253916,652.9836897676455
2497.13425,197.36441660420164,655.4800629733944
2497.14119,-136.46223854279262,655.1090141596903
2497.14814,-750.2040883186684,649.6419651492638
2497.15508,1640.2544177568475,599.0582058481189
2497.16203,520.0637624219753,655.753986747677
2497.16897,58.56826855796494,597.4411518495381
2497.17592,39.23498410663401,658.1138655129985
2497.18286,-395.96164600824636,587.748800054614
2497.18981,-387.87689540057977,592.8264140139272
2497.19675,-72.08506161104732,652.7760395496739
2497.20369,-247.58678765706102,590.7266433755697
2497.21064,675.0196472410793,600.4224231130615
2497.21758,152.88364159833645,600.999667866072
2497.22453,431.4636006585305,603.1213565614541
2497.23147,658.4186407703914,594.4922902248376
2497.23842,-1364.9766061599337,652.4522547925867
2497.24536,928.3433564779965,597.9903497997209
2497.25231,687.505356720582,587.2696152344524
2497.25925,1304.2201675961803,654.3934051793972
2497.26619,208.51270909701927,596.077869478023
2497.27314,1176.0922962062198,592.0144071335452
2497.28008,-1187.9247229339355,594.8184641540174
2497.28703,-1227.1591876553316,594.180243574119
2497.29397,-989.5944575419901,588.3776717002366
2497.30092,109.25361961157428,598.6608761413949
2497.30786,548.9037703843306,594.1245654766537
2497.31481,729.705199517233,593.9475589876976
2497.32175,-111.72423130954093,592.8939340948084
2497.3287,911.4605315774155,586.9284830104311
2497.33564,-953.4090957961407,590.4130385691384
2497.34258,1042.1250804675587,593.3642893659315
2497.34953,-624.2763327949596,591.5411433050919
2497.35647,124.0045758661174,588.1946403425248
2497.36342,-708.7270220185887,654.8148343611434
2497.37036,1379.3409320436463,584.7528821273917
2497.37731,1192.6710729887407,604.2575637071133
2497.38425,-1184.3452237538045,647.6304900012894
2497.3912,521.3880909006742,594.4725535858107
2497.39814,1714.4515074978585,591.0738004683463
2497.40508,464.005474962983,576.933745130207
2497.41203,693.1840032767855,594.0645245431933
2497.41897,623.9447572593092,591.2314858264659
2497.42592,1458.9821139675844,594.0874813706929
2497.43286,438.0738165767993,593.5763024198985
2497.43981,1005.1902458239283,592.486528314476
2497.44675,104.88226569827832,588.4020828064014
2497.4537,117.30731098203555,594.8282285964833
2497.46064,1524.8157509824607,592.7000995241556
2497.46758,-43.82988142617049,596.067274019177
2497.47453,-1082.4957523346143,598.018915987786
2497.48147,-1663.36654144248,592.2458451953964
2497.48842,1106.3141360662642,595.6885383039573
2497.49536,-874.1255625467782,595.2911047201858
2497.50231,1347.8327382389612,590.9549651259956
2497.50925,14.960995644607358,590.4032741266724
2497.5162,725.5457547808566,594.5865067069286
2497.52314,-1171.526276705891,587.9682922560015
2497.53008,646.846529923735,586.9860308947515
2497.53703,-402.88577836408905,590.7256046050944
2497.54397,105.63724407957757,591.8384394150642
2497.55092,251.2613343356631,594.5154548064321
2497.55786,378.27948722707947,584.9242792557824
2497.56481,1013.7083714738045,599.2408216976406
2497.57175,-812.2975283609168,585.3527720767592
2497.5787,-139.3671601763966,587.6197847616072
2497.58564,-1798.569582415362,583.3098221833892
2497.59258,214.663580711201,590.0838522055806
2497.59953,556.3035557407195,584.8234146426506
2497.60647,-211.8278411912384,593.7779277691144
2497.61342,-696.9539090850012,577.9285756142057
2497.62036,-27.428318886700996,582.6227793911612
2497.62731,950.2457280683332,581.9739633524167
2497.63425,-661.9114026158518,584.4422897553382
2497.6412,-1261.331931605684,588.840340069844
2497.64814,429.4982469196502,580.7643151341683
2497.65508,-423.2245926353122,587.0025473453055
2497.66203,13.389543669883219,575.4025974499165
2497.66897,609.3037029210312,590.3203802427598
2497.67592,-201.18117096084427,588.909833814628
2497.68286,-366.33466553395874,585.9819553535243
2497.68981,-510.07016718927355,594.497068569023
2497.69675,174.87254276924847,589.2960486772685
2497.7037,-490.4590116358546,591.2024002531633
2497.71064,78.72540187309396,588.8590379383958
2497.71758,-546.874324507137,594.039594051791
2497.72453,507.7855992833964,585.3685613879805
2497.73147,-1035.527122040896,590.7099191709206
2497.73842,-278.12009537086936,589.3160969474377
2497.74536,403.5655497629914,589.2464993256062
2497.75231,-1628.6307838946261,585.1732725386627
2497.75925,1388.1632096886303,594.5500458632529
2497.7662,-211.34356639574895,591.1792356715687
2497.77314,283.04293252939345,589.865191020573
2497.78008,-148.80168913940204,598.9258664895917
2497.78703,1769.6554062410846,586.6895658011592
2497.79397,1250.8197821518147,596.4178590545217
2497.80092,-291.50288703266443,597.6233521908697
2497.80786,355.55690246960756,587.8180860453028
2497.81481,-574.1314540195424,590.9720009617871
2497.82175,401.46588300168133,585.8539788309926
2497.8287,416.21403457594164,596.241787458993
2497.83564,-150.6690868224808,594.1296554519818
2497.84258,597.070518544024,587.2259868744985
2497.84953,28.221524021483745,587.3970723717466
2497.85647,38.17980105803222,593.309130653704
2497.86342,154.88327476289487,593.0370766662766
2497.87036,-1444.2675146796696,587.5503948938707
2497.87731,-948.7855284114918,586.3822974946261
2497.88425,265.7424180207764,588.7694959234425
2497.8912,-24.333821641392106,589.5319534521625
2497.89814,-1209.2977370901635,592.0835892471866
2497.90508,-626.9883547513383,591.0784749354843
2497.91203,-422.8387932808618,586.0700430898125
2497.91897,381.40847165216144,589.8065004887302
2497.92592,203.44631385883704,589.325549758761
2497.93286,-445.6502967910018,589.3566089959663
2497.93981,251.44945566870285,585.4700492633974
2497.94675,376.41728339637615,592.3471253167182
2497.9537,1223.509571468132,592.2054370239152
2497.96064,-1254.8654815211682,585.4975766809874
2497.96758,1725.820954224824,590.8172241609979
2497.97453,-462.0019983476667,583.6340224486665
2497.98147,-594.5767422644627,591.5044747073209
2497.98842,-1419.5410377986914,590.9189197905097
2497.99536,786.6870578056324,588.6079671145652
2498.00231,516.4512303407364,586.042827303365
2498.00925,1344.295413140119,594.8382007930443
2498.0162,59.360019414082565,596.7560827212127
2498.02314,531.8692849943857,595.7903378105166
2498.03008,-942.2731646719769,598.6061329373574
2498.03703,-1262.565367667812,597.478859217784
2498.04397,-958.6741039491611,596.2713924175332
2498.05092,2037.604899890296,605.6769396842835
2498.05786,-276.568587789267,603.4529320971044
2498.06481,960.1374199174279,606.391406017054
2498.07175,372.06795141715213,607.0955885221211
2498.0787,-646.3424146121712,605.8651648943708
2498.08564,-817.854638771534,616.5420633455902
2498.09258,-867.5492105459974,619.6581670167809
2498.09953,-215.44795629694542,621.1399730995045
2498.10647,-13.718833910488431,625.1169058634067
2498.11342,-914.0207891673829,631.8864691725552
2498.12036,-181.5358398587947,633.5022766465659
2498.12731,-17.324717860686697,636.3598303465055
2498.13425,-1210.3378579668763,640.1157127533074
2498.1412,615.4095957736412,651.1671918378462
2498.14814,282.03812984883376,628.2180512397562
2498.15508,439.5057616767182,653.9364500474029
2498.16203,-317.95164536135053,642.0745222381947
2498.16897,567.086720411541,664.0195872950577
2498.17592,-717.6463208259469,666.1140602039923
2498.18286,-492.0211146763029,646.7998891294031
2498.18981,735.2736325260288,656.1831028309389
2498.19675,-554.6595975868337,657.6636623890922
2498.20369,881.406512560816,655.7723729850862
2498.21064,3068.957203391784,679.192180485442
2498.21758,-1298.4813762294693,660.4490215410127
2498.22453,607.5318721216611,665.6425622853466
2498.23147,1873.4926688414173,665.794534405853
2498.23842,2081.9894847501673,670.3065378414769
2498.24536,-1642.9195911647992,678.3767456624922
2498.25231,-256.58555240576396,681.0525145292901
2498.25925,-474.1441864310555,671.0832265257058
2498.26619,-2551.9337143963176,677.932671284389
2498.27314,-1703.4231929949142,692.9118454123104
2498.28008,26.583382982258485,686.1034320873936
2498.28703,-892.7352394851578,691.0184784673544
2498.29397,-1154.3080328189017,687.2722566259707
2498.30092,-718.427787854361,701.7125166314128
2498.30786,2451.1461780338177,701.5259534540857
2498.31481,74.67866373326525,711.924565295027
2498.32175,-1584.1067960369967,715.1833960294961
2498.3287,1276.6045583928199,724.6242614923995
2498.33564,727.7716321548907,721.5929214919764
2498.34258,344.10913244882,734.3313638280698
2498.34953,316.56634105576353,736.7846280591025
2498.35647,-1960.4504306066885,756.555338757496
2498.36342,962.6129138366275,753.7360118110399
2498.37036,481.6292548434497,766.6814811028198
2498.37731,1277.335229545002,773.5202265256097
2498.38425,355.0066657489497,780.9306073408444
2498.3912,-1664.2478343135508,783.3296477530771
2498.39814,1189.9288228115365,777.2803678913596
2498.40508,-388.64922124881315,798.8088859877093
2498.41203,-975.4272902944506,803.0408369032475
2498.41897,-409.9500408570221,813.7157616905642
2498.42592,493.73685187001774,830.6071045090413
2498.43286,24.175824652130153,837.1568639856595
2498.43981,-1734.3191354815785,855.6695197616651
2498.44675,-171.79352320401853,863.0223526925797
2498.4537,-1338.9291248657769,875.8411958634455
