relative_time,cts,e_cts
1545.16203,-291.99047923231404,1315.2086054861456
1545.18287,1276.3905820416503,1307.4739366455417
1545.2037,-3180.3566808034775,1293.38090662042
1545.22453,-1893.2811393084269,1287.9456307941505
1545.24537,5905.7745214132365,1301.5103961016803
1545.2662,3239.8544024804246,1291.1737267490037
1545.28704,2650.6531202054334,1281.2565742005463
1545.30787,1200.823183325461,1285.2948739076612
1545.3287,3688.894251330324,1272.1629804112565
1545.34954,1312.7000900224111,1269.0915408072467
1545.37037,-402.0479252265777,1262.0792082528367
1545.39121,797.8987032805676,1261.2399626601612
1545.41204,-600.3169936971506,1266.5028953020797
1545.43287,2481.4147629758127,1206.3145289823096
1545.45371,-627.6550108088999,1256.043911044888
1545.47454,2647.574897105852,1251.8009405573414
1545.49538,5501.423599440302,1241.6436098688234
1545.51621,842.2285288607427,1246.749250207189
1545.53704,27.248135795433466,1237.6293703725619
1545.55788,-2054.9140320896477,1235.8657675162183
1545.57871,2127.417728626462,1235.3635768597271
1545.59955,1576.6282020065344,1235.0617113068174
1545.62038,2772.6818460007494,1237.193318797888
1545.64121,3817.551088251224,1247.0961624103752
1545.66205,1390.3480080286513,1246.6784474721667
1545.68288,-2270.8640697818128,1232.1384486841866
1545.70372,2656.8669081405938,1238.0125318802054
1545.72455,1547.539619068992,1225.4901990561268
1545.74539,321.5342983179419,1232.6837781328245
1545.76622,1217.1213793717516,1229.254827113799
1545.78705,1753.513148626454,1231.339056127991
1545.80789,2891.207108317878,1247.774935935949
1545.82872,1329.936740284103,1233.9515498597748
1545.84955,3340.143614852438,1243.3658757990313
1545.87039,257.61903713461356,1239.5931923403682
1545.89122,1137.32447116704,1249.4596806562795
1545.91206,643.0638269905604,1255.8428439964787
1545.93289,-2138.7036633906064,1232.9213064699281
1545.95372,2712.442179495724,1237.3321684728571
1545.97456,-2773.3139829942725,1251.5289647817915
1545.99539,975.2327385057117,1248.8476821652328
1546.01623,4885.781417342827,1226.8587692875772
1546.03706,-483.3602027465814,1233.1793972779813
1546.0579,-1718.208233942912,1225.943951314556
1546.07873,3296.765068533978,1224.176956710427
1546.09956,1517.8228208463033,1247.120434605465
1546.1204,-635.8951560616622,1227.2074833567742
1546.14123,1696.0628766986501,1244.6011079456641
1546.16206,1921.1867442136565,1213.0577475483637
1546.1829,1511.2816232577234,1214.5977070351005
1546.20373,2036.4835925995765,1210.7387459921442
1546.22457,1880.1863430534258,1209.2864419872387
1546.2454,711.3867704132688,1215.6911217274524
1546.26624,634.2435868743587,1212.0527302826717
1546.28707,1007.3359492718569,1213.0047514892153
1546.3079,2020.4215469928517,1212.9804792941254
1546.32874,2436.410297562677,1202.9879663495587
1546.34957,113.06868207508099,1203.8365392486444
1546.3704,3336.1401865522425,1214.9070980284093
1546.41207,955.4477197438054,1222.970236443616
1546.43291,3924.9611691067844,1208.862791490406
1546.45374,-1560.3038259070242,1216.4558548609648
1546.47457,5109.7214588885745,1233.4292207008073
1546.49541,1188.4126721861858,1226.189853029005
1546.51624,783.4001474108414,1236.7202759739287
1546.53708,2132.9762732863105,1231.9959952771956
1546.55791,944.4968260655978,1238.1246715413636
1546.57875,465.1482130123206,1234.3390570442684
1546.59958,3741.7507188590184,1231.7701260731046
1546.62041,3741.8155860354163,1239.4359000368156
1546.64125,2962.388235202582,1237.8241838859915
1546.66208,1295.3871254355452,1239.7531344468784
1546.68291,2547.9083884288334,1231.7987439450446
1546.70375,-875.5687736395321,1254.4830711108468
1546.72458,516.4876153518302,1247.5756707535506
1546.74542,721.4147907174646,1248.5939370340298
1546.76625,2337.2665420130984,1254.9830359328537
1546.78708,6716.448878680612,1255.9586933817773
1546.80792,2080.751412790548,1243.4866008217714
1546.82875,3219.920994752902,1249.4588327193333
1546.84959,1839.35807309331,1243.6487687627657
1546.87042,1063.9767593922265,1259.842350588297
1546.89126,3567.1553079864316,1249.5579353499409
1546.91209,4685.711648774506,1254.4501075620565
1546.93292,3230.4294773293377,1250.835352359656
1546.95376,-4793.854877112326,1254.6195889592132
1546.97459,3765.7572977005757,1248.528751881277
1546.99542,1161.9434724681169,1251.1274666376826
1547.01626,2654.0593889111433,1228.8259830031693
1547.03709,1459.405900799631,1224.6624006122272
1547.05793,4293.252194537547,1242.766702354298
1547.07876,2113.8522213741044,1240.101636531839
1547.09959,2197.682447656371,1238.667669163399
1547.12043,1012.8759453110034,1215.0499754038738
1547.14126,2371.6274908910877,1223.9412302393346
1547.1621,-7.407577163539543,1219.3498636589459
1547.18293,37.01838326793107,1211.2089270289093
1547.20376,1464.5975007459353,1246.6580969854538
1547.2246,2392.2427459156143,1251.1774949175187
1547.24543,3944.420580081282,1242.3584207146182
1547.26627,3213.106019522761,1276.876979872515
1547.2871,2720.4585753867614,1252.2157937083562
1547.30793,2540.7131134782426,1263.4786221907118
1547.32877,5563.522261708137,1265.115140497217
1547.3496,3013.528372359694,1270.124116023696
1547.37044,4524.696372066603,1270.193752845417
1547.39127,3932.9338962450834,1275.0112006141333
1547.4121,709.8690692713742,1265.988833528339
1547.43294,99.51303208972496,1274.7206762178812
1547.45377,4107.5923724280565,1267.387823497741
1547.47461,3969.060249845427,1263.8115434342826
1547.49544,3760.7512899534086,1257.5687136587085
1547.51627,1371.1475357991528,1270.8220741226817
1547.53711,410.65268336628174,1261.5337728120803
1547.55794,3261.0659691624896,1265.9797182061657
1547.57878,3804.2885064729594,1259.2291861839492
1547.59961,5023.694439962484,1263.6769334440453
1547.62044,3212.420992462208,1259.6098038807536
1547.64128,2573.2636109836008,1268.374610119086
1547.66211,1648.4271569487921,1261.33524957451
1547.68295,-248.23025529586678,1263.7829255623424
1547.70378,3507.0132602223575,1241.0697685403636
1547.72461,2271.275531185042,1254.9453027387399
1547.74545,-2384.995746811295,1241.9774850414587
1547.76628,2480.7721327625777,1245.7811181986644
1547.78712,1735.7901005338972,1238.897142099512
1547.80795,4083.937899403483,1248.827755646993
1547.82878,3806.1970005550147,1242.5572619285433
1547.84962,-1719.208905531754,1247.140785092178
1547.87045,3387.165322261001,1242.0419282493835
1547.89128,3269.203408052622,1248.5001340093368
1547.91212,1327.2256738823028,1244.0454972615512
1547.93295,3584.0960282538385,1252.8994428713715
1547.95379,4021.379125350119,1250.1957959178521
1547.97462,1292.7469677608856,1255.737699815128
1547.99545,-286.85505510870695,1250.6157366905447
1548.01629,139.46167346009437,1253.6188113782532
1548.03712,-1001.7466668977021,1255.1670382502173
1548.05796,1931.6501801398163,1244.556485263861
1548.07879,-1616.5549030084162,1254.6150312981265
1548.09962,5936.920199382686,1259.6334401231338
1548.12046,2318.755866489477,1242.8867914243287
1548.14129,3235.2866721424157,1248.3661599718096
1548.16213,470.4166572443904,1250.5047629426876
1548.18296,1170.4969304225651,1244.4635301761148
1548.20379,4085.4545406241937,1250.8371542256673
1548.22463,3526.63791290928,1255.4130459567846
1548.24546,185.1045294017327,1253.283664300198
1548.2663,4988.312257024703,1250.805356590178
1548.28713,3277.510858300503,1255.4074283745147
1548.30796,6445.241545988208,1280.6305847498843
1548.3288,-1504.135422657904,1254.961413540721
1548.34963,2417.307974034721,1253.378315261837
1548.37047,374.2809580120805,1268.8145834021368
1548.3913,-213.7920381636392,1260.303840271362
1548.41213,-2752.163997732938,1285.1056779765013
1548.43297,-2171.658308843031,1257.3324572270246
1548.4538,-1323.411653497504,1261.3233784572608
1548.47463,-557.1285972389156,1262.8539046454694
1548.49547,-1656.3638467668702,1256.6563335044082
1548.5163,1668.4349711433586,1251.8583882854584
1548.53714,3273.2360901774673,1277.4475354453077
1548.55797,5341.112216390007,1278.5681901120618
1548.5788,1650.4825561068071,1276.7346324576422
1548.59964,1648.9623111540736,1275.9641757497416
1548.62047,1814.8820551598158,1275.5698850696767
1548.64131,1909.6946547794244,1267.099418943855
1548.66214,-14.34073360558176,1265.2340636539464
1548.68297,2212.359494253309,1270.7206396654713
1548.70381,1326.10618512885,1256.1836086568035
1548.72464,-1302.2289166716153,1258.5293202268342
1548.74548,3002.9580963782905,1263.1076497766721
1548.76631,2618.59273025508,1227.2596314789766
1548.78714,2026.4113735820508,1236.3445339145658
1548.80798,303.97988368559555,1231.567575135039
1548.82881,252.16076101867378,1235.6150961564458
1548.84965,-2631.6521251425693,1229.0635113402727
1548.87048,1926.4223308890544,1232.1551954388776
1548.89131,587.1844642480361,1248.2883617569796
1548.91215,650.0218915804023,1245.496847337392
1548.93298,-329.07945325103094,1246.1374637003787
1548.95382,2970.4280553517638,1244.4017367711476
1548.97465,1620.6121753047064,1249.786030388516
1548.99548,-1714.2238842240101,1241.8475387044268
1549.01632,2050.474764199015,1252.308536811866
1549.03715,-863.6091529714919,1252.4607414937404
1549.05798,-385.9943589893167,1259.9653014455216
1549.07882,1224.0240100837245,1261.3304799291866
1549.09965,699.2874521333133,1259.638951713285
1549.12049,1343.6089815995858,1268.6762636877593
1549.14132,2358.4647536882585,1258.1507163802771
1549.16215,3476.928033396469,1261.5439480554369
1549.18299,166.86148397681086,1277.1273332559324
1549.20382,2021.822444820383,1277.0509129386403
1549.22466,1401.7348472894146,1264.4476021361827
1549.24549,-175.2152527803876,1265.2405291731625
1549.26632,3585.894184540747,1263.898033002813
1549.28716,778.5628791160038,1266.7973414067085
1549.30799,2798.7896125954258,1264.1273999468076
1549.32883,-591.7294062806108,1273.0469546778536
1549.34966,1268.9151699224008,1276.3044104494747
1549.37049,1565.7047602869652,1269.514237375015
1549.39133,2420.514765573797,1226.0135881362771
1549.41216,-1464.0382863298007,1266.0110918731816
1549.43299,3749.333924962576,1241.2741213444401
1549.45383,-605.3126142167239,1230.0333392226903
1549.47466,1315.7294507554573,1242.5776124152565
1549.4955,-1923.890497159294,1247.4850474924067
1549.53716,3692.08111635116,1235.451338333677
1549.558,4231.948685141175,1233.4299626456352
1549.57883,6197.939357680149,1245.1508890632706
1549.59967,-745.2481784377243,1224.1262924778812
1549.6205,-523.6344519043593,1229.5206553464877
1549.64133,324.81295251322246,1234.240060405779
1549.66217,-1443.0548146863102,1229.6448781091317
1549.683,924.661991008092,1219.731541276933
1549.70383,-2247.25623328929,1235.3068710764383
1549.72467,1918.5524161055032,1212.8875242063789
1549.7455,934.5228617417333,1223.2416822585744
1549.76634,-760.2009105343527,1223.9249074531167
1549.78717,-930.8257506634163,1250.151491212404
1549.808,-928.5606990954099,1228.6596813695614
1549.82884,3865.1754668444246,1239.4339921786861
1549.84967,-2436.325927836512,1257.06387319926
1549.87051,-541.4887182393676,1248.9365035603657
1549.89134,-259.4410416481387,1251.8386737514554
1549.91217,19.361474257191563,1251.824258823367
1549.93301,157.95305841818603,1262.299989835249
1549.95384,4172.588011273187,1242.559275778791
1549.97468,730.8192593897193,1247.168237050817
1549.99551,1096.7210104898318,1242.6842404862632
1550.01634,-351.20604989035417,1247.2333162114514
1550.03718,1081.7187800739587,1274.437253293555
1550.05801,1364.8075112511005,1259.116410570081
1550.07884,6148.718313816922,1257.2407740446974
1550.09968,2292.9345965905572,1257.4277441413735
1550.12051,1050.4093442817398,1222.7969393302003
1550.14135,-318.8732601959778,1257.3994442457883
1550.16218,1077.4044768907982,1260.7632101120612
1550.18301,-3254.1933342199945,1231.5523122700044
1550.20385,-1432.448395392568,1251.6027352961262
1550.22468,4267.267272807977,1262.6579252187382
1550.24552,982.4219719055595,1238.8802893527027
1550.26635,3701.576632253031,1248.530871723643
1550.28718,1303.8156186825213,1256.9667844188998
1550.30802,-1885.1665947158465,1243.7721435884635
1550.32885,1664.856147269061,1243.6141093400827
1550.34969,1472.419083123543,1245.4664275994405
1550.37052,-327.14520308422925,1255.584647196307
1550.39135,2046.160673000091,1258.6636122407165
1550.41219,265.2645666037298,1264.1734005261483
1550.43302,499.8188708599735,1258.6047866150614
1550.45385,-703.3116548886949,1257.9985116984028
1550.47469,748.3608489757518,1261.6933969422355
1550.49552,-602.7284203805252,1250.737203658113
1550.51636,-1677.9996998984784,1254.5585374990742
1550.53719,1542.3098619601003,1255.7083399983599
1550.55802,2170.280517297289,1270.0355066127995
1550.57886,-1280.139417273696,1271.6689511478746
1550.59969,-185.5767242887457,1270.6611780871067
1550.62053,1764.1829512069382,1267.9031571769008
1550.64136,-998.0995840992213,1239.1514171913066
1550.66219,3343.3602636585147,1278.1358482615283
1550.68303,-1124.7335614424233,1270.610301870324
1550.70386,747.6886469615123,1277.1016831633044
1550.72469,-753.1202130636411,1272.0985372033322
1550.74553,2224.0589042709303,1261.1694779014938
1550.76636,-1143.6324860953669,1252.335352817795
1550.7872,-1324.7887030984186,1261.6091332081896
1550.80803,-2294.0332048967052,1240.0429168983023
1550.82886,2524.7714749179027,1263.8179029613802
1550.8497,-216.4266842481473,1266.9588733949931
1550.87053,-4150.683680105932,1236.2460672366678
1550.89136,1425.7326287851529,1238.5737601465878
1550.9122,-1270.0432440374354,1267.7883677127854
1550.93303,971.7228095083073,1250.3846738726572
1550.95387,-3454.0806903527264,1269.4828637079993
1550.9747,4926.416145694932,1246.5267727508838
1550.99553,3382.0226906733506,1241.9217331872346
1551.01637,3192.6732829259417,1242.4084489944544
1551.0372,1093.0077886095337,1258.258086396112
1551.05804,-2038.4727466836562,1229.0850277402872
1551.07887,935.5030768517439,1229.6401084638085
1551.0997,-373.90277813399683,1232.9237442886488
1551.12054,-267.04428026205443,1231.7139502504072
1551.14137,718.0016325240653,1238.7581864324245
1551.1622,-2807.203796906432,1235.4857857721236
1551.18304,712.726616780661,1219.3377805574598
1551.20387,-887.5144033479567,1223.4361777956494
1551.22471,-741.8238910719034,1229.980131179305
1551.24554,3552.0014028492756,1238.9896732187851
1551.26637,2150.0523454887825,1222.860004640587
1551.28721,-2610.8998223090853,1216.282769731786
1551.30804,1553.5347452641058,1228.5101264906443
1551.32888,-3733.8253701975987,1218.1656137212135
1551.34971,-4288.855853454826,1231.3355583880868
1551.37054,2230.741707329555,1226.5349633661801
1551.39138,3175.485071062312,1237.0144041022027
1551.41221,5590.790006045456,1225.093788533696
1551.43304,-682.0129626853893,1225.2236288786098
1551.45388,746.1423279476775,1234.9410922761954
1551.47471,603.2477817601805,1221.706174440806
1551.49555,2231.377342062982,1219.4539479191135
1551.51638,-1552.9190370489189,1256.9018112503838
1551.53721,4114.443067002064,1246.8847081343727
1551.55805,57.38074109820104,1243.0755633870156
1551.57888,-2910.8527474442235,1236.472042432877
1551.59971,-1878.2743512314669,1236.9301403681566
1551.62055,-3853.883808505892,1239.1862885982262
1551.64138,2110.2832547668086,1231.6060502739808
1551.66222,1397.5606656866428,1229.6229377406444
1551.68305,34.468530878060434,1242.3738955638896
1551.70388,509.96708622631803,1249.2225762876492
1551.72472,-445.3179356159015,1223.3627252576696
1551.74555,-549.3921265323004,1224.6381284171373
1551.76639,2094.321583696111,1266.5378727011175
1551.78722,224.32415698245546,1240.0385712214522
1551.80805,-59.62883392728003,1240.9355825185996
1551.82889,7833.9537776551815,1234.8900040751762
1551.84972,-1046.1037324522795,1238.3164112833629
1551.87055,3226.2285857127554,1271.8498796938075
1551.89139,3870.0951970072974,1246.7225401933783
1551.91222,-1027.8733000894351,1253.8973586651375
1551.93305,-326.197209578181,1251.0800881608038
1551.95389,136.6633755449357,1258.6347823845394
1551.97472,-3085.876048498375,1247.6860085486978
1551.99556,-726.782337580142,1248.5691348783482
1552.01639,1461.7953871145182,1246.68819874705
1552.03722,-303.1897124436916,1249.2585076157518
1552.05806,-1164.7236457310466,1262.9420900878924
1552.07889,-86.92858788432412,1250.7097516994743
1552.09973,-4261.940956879317,1251.202615049555
1552.12056,1691.1452663781436,1238.6142491357773
1552.14139,-1608.8809676515962,1241.8048238807532
1552.16223,628.3442775541852,1239.639192919709
1552.18306,-4591.238859886158,1238.6166869544982
1552.20389,3718.054484939835,1229.823050859989
1552.22473,-1444.6083411641894,1238.9269258847535
1552.24556,3810.4942390071296,1240.2627445516503
1552.26639,1247.0497378625612,1234.185050496383
1552.28723,1242.4877310989407,1239.2817874968118
1552.30806,1870.8296768265232,1238.2548298626323
1552.3289,1249.036136151565,1242.3163418436543
1552.34973,1098.5302959491614,1238.8161641211332
1552.37056,1129.022956477784,1249.9632492103085
1552.3914,1926.6650528399543,1238.4478415100511
1552.41223,-1138.1876709784506,1243.9102513186044
1552.43307,2497.508606218026,1234.6453742661467
1552.4539,-485.30664200698715,1240.4188709419018
1552.47473,3208.2750047629024,1240.8538625953927
1552.49557,-997.1122675172847,1235.576621017504
1552.5164,-759.7143007192512,1237.7120442248336
1552.53723,2103.3381212153986,1240.0076215229096
1552.55807,-487.94796559494796,1247.7833093132945
1552.5789,-131.08585829591183,1238.4135000637227
1552.59974,-2828.007717901527,1250.276773896231
1552.62057,-4482.474411742999,1247.6477453939926
1552.66224,-1339.401306487432,1240.1739231565175
1552.68307,-410.02404411266224,1250.5377264914782
1552.7039,-478.62786664885766,1242.628488632039
1552.72474,1052.8135635010701,1252.7452243392495
1552.74557,5154.238254565425,1249.974484374848
1552.76641,-2421.1871795722727,1245.9635306342534
1552.78724,1764.1705501290974,1254.7411619189
1552.80807,2645.263632974268,1275.293457625158
1552.82891,-2283.4209560364566,1258.5887818051988
1552.84974,-1119.6393682528335,1258.9391917482885
1552.87057,4891.030677001485,1251.7976548016743
1552.89141,-2508.146823147258,1251.185762302746
1552.91224,1132.0425659359466,1252.988158274386
1552.93308,3373.012724665397,1245.6909189059936
1552.95391,1577.1161897191732,1250.8880304424497
1552.97474,-1014.482149871676,1243.0422818618706
1552.99558,2557.25297155425,1257.4536062182378
1553.01641,-3195.1888998616023,1243.0953839131373
1553.03724,-1407.4606475119356,1248.8252118361538
1553.05808,-3866.606148457197,1247.9092279498313
1553.07891,3823.707534450386,1253.4044953150567
1553.09974,-5301.498192137102,1246.7783980397207
1553.12058,0.227459085865345,1261.305677773505
1553.14141,1912.9425712603988,1243.5715005085274
1553.16225,-3535.6810544502605,1248.7435979050651
1553.18308,38.58939844532895,1252.1692631684236
1553.20391,-2562.5125124483825,1244.899369766552
1553.22475,1260.5989223287008,1248.6576382971261
1553.24558,-3989.364735979106,1238.8466898512024
1553.26641,-4298.231386278785,1244.1861488025315
1553.28725,675.2137802808744,1250.919616093702
1553.30808,199.8270466174202,1244.2900210784624
1553.32892,772.7048007298478,1256.5227834353539
1553.34975,-1617.3510098089446,1239.0382176089654
1553.37058,3159.9407969534677,1239.5266292900778
1553.39142,-2884.751870337236,1248.1963605982978
1553.41225,-347.9931108084177,1247.0587471926162
1553.43308,-2514.8552762985105,1229.6097947179753
1553.45392,-924.6449262770461,1245.2947203677998
1553.47475,435.5645408902131,1246.5774369834298
1553.49559,-1186.7361948510825,1243.326552723143
1553.51642,-2087.0233903986536,1246.0420707939115
1553.53725,1154.6238687627638,1252.3649246188
1553.55809,1523.3520056893835,1244.4658620027171
1553.57892,1262.035751484335,1253.6284566610182
1553.59975,248.0619398120112,1234.2219357535503
1553.62059,1942.7478729018653,1255.1204017181665
1553.64142,1171.9994746915431,1236.6547728448209
1553.66225,-584.571228571424,1255.8088205265053
1553.68309,-618.5001535752345,1252.287868348798
1553.70392,-2134.102969503808,1245.7030020074797
1553.72476,-1931.2566314045794,1245.5612905453165
1553.74559,1415.852043517508,1245.7282281316343
1553.76642,4307.015483082647,1244.5368767219761
1553.78726,2836.4506260765916,1243.0459915860108
1553.80809,-962.1227853777947,1245.2237056485408
1553.82892,1137.2859960280982,1245.7731687897922
1553.84976,-1946.6818763645763,1243.7774431943783
1553.87059,912.4668558531957,1252.1573920511744
1553.89143,1489.4129054422167,1250.6092711713286
1553.91226,-5257.9200626598895,1250.6146767693617
1553.93309,2308.102598679447,1243.8078629323295
1553.95393,-5188.70964723068,1253.5479026511125
1553.97476,1319.539655423997,1264.638281956999
1553.99559,815.5667414637281,1256.2288672913164
1554.01643,-1373.439615357325,1256.1164096538032
1554.03726,-1298.336462119277,1254.9358694402115
1554.05809,-3945.634825788492,1258.7175622289296
1554.07893,-1121.1301473966807,1252.4354093774673
1554.09976,-827.928496228587,1258.7142764732623
1554.1206,-406.82371809280323,1260.0467033923737
1554.14143,-1182.7664720445055,1260.4523352290964
1554.16226,-523.8683765094405,1257.7173146085609
1554.1831,-1342.0283211394228,1259.6229469034224
1554.20393,3096.0717483337166,1255.0747191151804
1554.22476,-1551.924513002938,1255.9762880734145
1554.2456,-787.3052150252573,1256.3593435889397
1554.26643,2092.7055218684363,1252.3957683252243
1554.28726,3607.552825977789,1259.4713781742578
1554.3081,-600.524526264776,1255.2114489477838
1554.32893,982.8225161206038,1260.6510704509033
1554.34977,479.38178858630414,1261.0547944294963
1554.3706,376.70542172600574,1255.9202182428355
1554.39143,-1504.2344192963935,1263.0205242554323
1554.41227,-990.9464940117127,1252.0613631919973
1554.4331,1001.3556619733044,1259.9479187381207
1554.45393,1557.2883501414751,1259.0016211059656
1554.47477,2021.3056272515669,1248.2575180505553
1554.4956,673.7967716513621,1258.5535924219241
1554.51643,574.7089799402446,1251.6952664153994
1554.53727,-2580.3825716090173,1264.4340351450408
1554.5581,-1442.4534154070934,1248.6916617670997
1554.57894,-1679.3712379092412,1254.468126222167
1554.59977,1322.0315301251592,1253.5769444915259
1554.6206,5082.1618122574655,1256.236922692307
1554.64144,-1904.958926933915,1252.420994449379
1554.66227,-2838.368553457175,1254.7412679110182
1554.6831,584.1648547898733,1256.7983629429261
1554.70394,820.5924637448979,1247.1583797838155
1554.72477,-2963.7499159463437,1248.9221946243956
1554.7456,-3642.5710319813375,1255.0886040826774
1554.76644,-1325.9856720903463,1250.4416976323012
1554.78727,508.85628882656573,1253.578852349655
1554.80811,-5506.892898736544,1254.3419956013934
1554.82894,1130.5779668453188,1263.319104052675
1554.84977,1982.8383317265161,1256.9596829469742
1554.87061,-289.21528759894414,1258.2889301025364
1554.89144,2147.7818883227433,1252.0410127052842
1554.91227,-3463.9798242410725,1256.978655536149
1554.93311,1445.9217954941253,1252.2485452729097
1554.95394,2356.1061110797964,1257.6724799425212
1554.97477,2752.1959013605456,1264.9186311098945
1554.99561,-4169.016924823524,1257.7249460410783
1555.01644,-1996.6628837159917,1256.8071602887446
1555.03727,-5121.420338945604,1256.9934944327108
1555.05811,-384.407339002056,1252.5109817578132
1555.07894,-836.3710864272966,1281.6025324746677
1555.09978,320.9935265303907,1261.7489368122233
1555.12061,-2757.1821945737083,1280.4814538394405
1555.14144,-1786.688787645528,1249.976604217214
1555.16228,-2067.595989043881,1259.3554227968407
1555.18311,1016.3529107596178,1262.91485011349
1555.20394,1240.8163413855154,1270.22968417352
1555.22478,4201.721534868886,1265.4931083910642
1555.24561,-110.33821911563244,1269.5732749849064
1555.26644,-596.4491293162572,1272.0091858476078
1555.28728,3491.5579135007647,1275.672803416543
1555.30811,1203.275734950735,1267.773952784697
1555.32894,-4505.537978708068,1273.6489899097803
1555.34978,-5539.039142302719,1298.3295726315878
1555.37061,-2026.972707840552,1263.5573743346065
1555.39144,-1755.638396590427,1262.5201354649519
1555.41228,-2758.1719489743655,1255.5408724514507
1555.43311,-758.5720236603647,1255.8499454684047
1555.45394,-3249.4650258227666,1261.3406551725432
1555.47478,-745.8425822371337,1259.5452546807107
1555.49561,1490.2112380772294,1254.9485884944072
1555.51645,-609.441219208628,1245.584608811342
1555.53728,-5555.345393749999,1242.7328908685615
1559.49565,-2180.8599086008658,1317.4156793654438
1559.53732,-1616.6865452193408,1318.5687676203966
1559.55815,-1921.6678424386064,1319.7836492803165
1559.59982,-2033.0293094642777,1317.0477807228351
1559.62065,-3090.28903034367,1294.1638703982796
1559.64149,-98.69858865273089,1309.6593881327071
1559.66232,-6028.727816456458,1311.450548939808
1559.68315,-2610.577076308871,1311.6634871054664
1559.70399,257.27223092354575,1314.9172331529473
1559.72482,-119.34330948614404,1316.631973642756
1559.74565,-1618.7258335753747,1314.16585502634
1559.76649,247.36567758691834,1318.9202374846693
1559.80816,-3048.693165462847,1311.5321628708966
1559.82899,-85.33139265370694,1313.5718751954037
1559.84982,-1684.0230199970592,1318.765912960429
1559.89149,-4416.917438639369,1311.0129074833596
1559.93316,217.20487838068374,1290.840169552723
1559.95399,-2720.5234425631593,1282.7745933187957
1559.97482,-616.4032055068471,1290.1315062497893
1559.99566,290.0137262260754,1298.2958671379693
1560.01649,1220.4736980892487,1306.4978552281448
1560.03732,-1713.3218912973027,1295.8880441866168
1560.05816,-657.0216110727351,1294.650798189736
1560.07899,-806.1332309510601,1291.768554516886
1560.09983,4644.716229243836,1294.1713958386788
1560.12066,1578.8955854011433,1286.3238453920885
1560.14149,187.37392664658938,1287.099177737431
1560.16232,-999.7151159663038,1285.036783099608
1560.18316,1895.695215794759,1275.863377245241
1560.20399,-5981.7123625828735,1280.9334042318587
1560.22483,-2021.5354181640348,1281.3729535464363
1560.24566,-770.0280757743758,1270.7613406388973
1560.26649,-1798.8744895018956,1279.551584985621
1560.28733,-1302.2774610617955,1267.9864669818824
1560.30816,-1249.5139486208475,1263.1517424978838
1560.32899,-3132.2820476917514,1270.200536340988
1560.34983,4182.074199868647,1257.8801185022648
1560.37066,-1025.3794115380254,1275.9710652374308
1560.39149,-3413.1163265127166,1252.7573074407353
1560.41233,-1976.9378564930414,1256.4213489781437
1560.43316,-518.197798180552,1266.0242348958502
1560.45399,-1444.6820056864053,1258.576062751003
1560.47483,475.9117126253791,1272.539252431211
1560.49566,-5737.7158564602605,1280.368890209809
1560.5165,-3669.84163810585,1257.6393044094943
1560.53733,-76.0194551007255,1276.9500084420215
1560.55816,-4811.714973013842,1258.790908774791
1560.579,73.9920378619408,1274.5272406019892
1560.59983,15.906343184946525,1271.239047116062
1560.62066,991.8676715118316,1268.8156433233198
1560.6415,-702.8712576371707,1278.7711650186004
1560.66233,-77.59916163182372,1263.1077557687904
1560.68316,-600.903130111333,1248.216393108656
1560.704,-114.09161200876514,1266.6369753317251
1560.72483,1093.7603326494425,1240.9310248575127
1560.74566,-975.9901581830619,1242.2265665194568
1560.7665,779.9650488489546,1255.7896359530937
1560.78733,-2618.91452232623,1257.9056626027746
1560.80816,-2852.3668265285396,1251.8068761159664
1560.829,532.082129724747,1262.3569076027745
1560.84983,1768.6729893222348,1258.9042143492504
1560.87067,-1478.2505574880065,1250.0973292399542
1560.8915,-6082.5293097118865,1277.6670451223006
1560.91233,-1876.348686426247,1261.2419765104087
1560.93317,545.127745636858,1263.9889742403116
1560.954,-4161.451419403722,1272.8061405850826
1560.97483,1059.1140529889976,1284.8184393359165
1560.99567,-1624.6283226590972,1284.3382950400312
1561.0165,851.0494049296543,1276.6950973975174
1561.03733,2641.0021138660195,1289.3718607379549
1561.05817,2652.224983319777,1283.3198167753153
1561.079,854.0188801158625,1276.0166418482984
1561.09983,-928.3651436371518,1283.2792217940078
1561.12067,-3042.094838122505,1289.7468608524894
1561.1415,-2600.1546593324915,1287.0811590773205
1561.16233,1199.4488895196225,1274.4972448325113
1561.18317,-1505.3779682606996,1287.3707295445076
1561.204,-645.8622308978374,1291.9120678450604
1561.22483,346.45982882513357,1286.9251386791873
1561.24567,2243.170979073769,1295.2061968896123
1561.2665,-3116.640366826193,1292.5843758514181
1561.28733,-1834.7447661444337,1284.1029925374119
1561.30817,371.13606587009076,1267.078008535959
1561.329,605.8310216673145,1297.6181535335784
1561.34984,-383.6074164852687,1278.7683032314062
1561.37067,378.7706781510224,1281.1982785354828
1561.3915,-4362.599763767832,1267.4309622898877
1561.41234,-1620.951456075375,1266.667607053913
1561.43317,-3215.8381783561026,1253.942405315414
1561.454,-1043.864754945374,1254.3820606221097
1561.47484,-3959.184540215224,1254.0914302337394
1561.49567,1665.6168527020786,1257.4524403049368
1561.5165,-652.411165911053,1247.921311051317
1561.53734,1735.3423898262108,1263.097580525434
1561.55817,3290.639360049122,1272.6119630243627
1561.579,-3632.0183506915714,1275.530773978025
1561.59984,1439.6635968613982,1267.7501045580802
1561.62067,-1300.4043683472512,1267.8547187788392
1561.6415,-180.50478944399853,1272.169869898946
1561.66234,1588.5383243553297,1263.857014053032
1561.68317,797.2419761155994,1265.424213514171
1561.704,-1537.1309810679916,1272.2970604409024
1561.72484,-1202.8129733622504,1256.3003059790485
1561.74567,153.24997614511233,1250.9557594060414
1561.7665,-1528.6547913677819,1265.6563362532415
1561.78734,-3252.4387406937067,1260.6888036450168
1561.80817,-1516.4366559232153,1257.0182965883923
1561.829,-3311.666924413824,1273.7764984280916
1561.84984,-396.34448934101704,1263.4820139384972
1561.87067,-1108.183422130941,1281.068014222096
1561.8915,1370.5766622500053,1276.3372680061468
1561.91234,597.1212253383784,1266.8896605417453
1561.93317,-4865.845889772939,1263.4910232685525
1561.95401,1566.6407766836462,1258.4372130760341
1561.97484,-1884.48485341096,1251.1825825391968
1561.99567,-1957.3532688268347,1258.4968866386353
1562.01651,4149.872946393078,1260.0776530909163
1562.03734,-1778.9303765704253,1264.5228565401735
1562.05817,-1975.2505679618716,1248.4610229176853
1562.07901,2917.5282370466857,1239.93724275636
1562.09984,1237.359938407851,1243.5256059213048
1562.12067,-1356.4157972691735,1249.4421919567606
1562.14151,-2365.738250822152,1242.2899498061984
1562.16234,-1628.0484763323043,1249.7584724377587
1562.18317,2066.328005332695,1242.0620667518601
1562.20401,878.9979366427942,1257.5630960764388
1562.22484,878.8609948259544,1262.2204957465265
1562.24567,-1649.4133076174273,1266.484134697141
1562.26651,-77.02945399597742,1270.215163253313
1562.28734,-3536.61590493364,1235.8340758728475
1562.30817,650.1589393893604,1258.6481373914448
1562.32901,-3538.456034099394,1255.0054002698143
1562.34984,3262.4433367397587,1260.2743744624756
1562.37067,2695.6617193111824,1263.032289380563
1562.39151,-3614.0049901869997,1269.872490734859
1562.41234,-460.9309986095202,1277.8085446002274
1562.43318,3305.1619761297015,1275.443012504075
1562.45401,111.59634555981758,1268.8230627716002
1562.47484,-272.34791387739887,1274.2772051949264
1562.49568,-4603.649159041196,1276.124647816843
1562.51651,-2032.2993417455666,1278.2219138615853
1562.53734,-4316.267641080908,1262.116835454832
1562.55818,-1635.791306566017,1273.4041481165143
1562.57901,-671.5668034745119,1266.0386498239386
1562.59984,386.2608231747153,1265.2007821288012
1562.62068,3495.1252902262863,1263.4149209276152
1562.64151,-1271.2745544756915,1275.6990894618805
1562.66234,-1327.1302809758356,1249.322844831558
1562.68318,68.65310887120347,1253.195054889302
1562.70401,616.9163133515228,1269.444600553294
1562.72484,-1272.2175663521796,1253.9518386139423
1562.74568,-3442.5940065165273,1243.239851170376
1562.76651,-2589.804316996555,1244.2300295395064
1562.78734,1577.9008493709262,1251.7434928292248
1562.80818,-794.4888308428352,1242.3411439993358
1562.82901,352.83822252000937,1247.5056099633562
1562.84984,-3286.5032296168188,1243.3067321970213
1562.87068,-2374.770899143421,1243.9658971807105
1562.89151,-1108.2356762452612,1248.7422200075273
1562.91234,-1737.03158621551,1279.4013941539943
1562.93318,-1658.7318166817429,1248.3931879619754
1562.95401,-1382.227845853801,1250.6498661526362
1562.97484,-2988.430074699678,1285.5358999846687
1562.99568,1438.1853247875104,1251.3711425176473
1563.01651,-2341.5084525794623,1238.7335962609798
1563.05818,1926.57071985467,1269.3706180547226
1563.07901,-2720.239171701887,1262.837369875015
1563.09984,-4187.018626195084,1290.4610357455745
1563.12068,1462.5004466854298,1255.6380672239288
1563.14151,-4285.187784216921,1246.1793305871063
1563.16234,-2174.628313989831,1271.8655665273152
1563.18318,-1899.1255447113226,1240.4237465793435
1563.20401,-726.080245788543,1225.0200180193613
1563.22484,-206.09393660384754,1263.925908929925
1563.24568,-2823.797498978534,1261.0463150600324
1563.26651,-1898.289160905841,1223.2139123235806
1563.28735,-3475.129347148969,1226.2232405462685
1563.30818,-409.43684777729703,1240.5746793557983
1563.32901,-2898.0749736150487,1235.6068287712187
1563.34985,-435.1669644544811,1255.0161054737623
1563.37068,344.0144846639039,1227.1578790454114
1563.39151,-2676.726439361663,1239.0572961902587
1563.41235,-1555.397132774702,1235.644349981096
1563.43318,910.8222821456999,1270.187287326201
1563.45401,1278.662205120991,1260.937673138778
1563.47485,224.78331483891802,1253.751089541888
1563.49568,-1959.9785876049325,1254.0333465529127
1563.51651,-1057.0775204280394,1253.9828943046032
1563.53735,-4364.359974876391,1254.8645367445974
1563.55818,-3955.2943114973696,1241.4373492066175
1563.57901,648.7676868445942,1248.9653334165425
1563.59985,-2768.6665465833053,1249.016633601798
1563.62068,-814.5150876659854,1239.7888537907445
1563.64151,-312.60743013073335,1257.5194273237005
1563.66235,-1619.9166550244415,1245.8236210381017
1563.68318,16.900019293980716,1261.9783037562179
1563.70401,1110.786376572078,1258.484697545031
1563.72485,-1948.596941957966,1268.817869157804
1563.74568,-2668.32264227825,1275.906940005861
1563.76651,27.183374611154058,1275.4932527681478
1563.78735,-515.315448515584,1257.0612233963025
1563.80818,2639.4779472049095,1280.611506168591
1563.82901,-3991.839227972868,1280.6092803341066
1563.84985,-56.95189698757143,1264.9217048813252
1563.87068,1265.4148862077611,1277.8212636544229
1563.89151,-2487.517153194643,1269.4822277552894
1563.91235,2607.0015381902404,1279.0338134877404
1563.93318,2106.380730963232,1281.2933534655954
1563.95401,976.4042693892484,1274.2790070609376
1563.97485,-3231.2814419762094,1274.7045654159
1563.99568,2364.935572510289,1264.039744464976
1564.01651,-1203.3856487774092,1277.0263227671956
1564.03735,-374.3112717579134,1277.5393246197527
1564.05818,2761.491198150954,1276.5543398644188
1564.07901,-2759.431347323971,1276.0591446877354
1564.09985,-1292.3939080148382,1283.4475372778631
1564.12068,-4487.356620695995,1287.6533045318877
1564.14151,-1455.0077578508976,1272.2003956290155
1564.16235,-1082.5685188863454,1279.8904417878166
1564.18318,-3858.325938183719,1286.902244381635
1564.20401,2098.73117379362,1270.0732398069135
1564.22485,-1718.7791074920594,1256.168133807532
1564.24568,-2059.1861504097255,1268.0169927119518
1564.26651,-819.6019673994124,1261.6001238781341
1564.28735,250.6717837408378,1260.4720497630994
1564.30818,1773.0949804975849,1247.8068395635564
1564.32901,-1744.95757082964,1262.5859565704145
1564.34985,337.52458726057955,1253.6100140324345
1564.37068,995.6159767832862,1253.1718426153948
1564.39151,-2913.2241091068818,1255.3127774128754
1564.41235,2053.644034528213,1254.5323574458548
1564.43318,-698.6184298826228,1257.704807538602
1564.45401,-3642.2559174136404,1254.0883564623089
1564.47485,1839.0780419167693,1261.7327200181237
1564.49568,-5435.6689510360475,1235.7585034925019
1564.51651,-1093.8088770396223,1261.3447888651567
1564.53735,1378.081434186023,1254.265787268338
1564.55818,1190.8737031809237,1256.0715749877636
1564.57901,3605.9103721126585,1254.379304827034
1564.59985,-204.15926246857273,1245.1645620465308
1564.62068,2621.4501717722487,1242.933321964261
1564.64151,-58.11971814696768,1246.7530659234478
1564.66235,-1426.2314276938582,1245.4663216073222
1564.68318,-1274.7615891755438,1254.8436562972931
1564.70401,-26.848757493690492,1254.0840107854585
1564.72485,-1442.1437064374295,1249.6445309105893
1564.74568,-764.7574057078217,1240.3737182995073
1564.76651,-3280.7192397213526,1255.1856928630375
1564.78735,-872.6424372454704,1251.9721178283912
1564.80818,-206.6715936485662,1257.2259351481362
1564.82901,-1541.5900694847455,1255.6656251746863
1564.84985,626.6717219274587,1252.38357923162
1564.87068,-3962.228315876359,1262.1594442863875
1564.89151,977.2744646804666,1263.6231954400687
1564.91235,-1619.3973996369045,1269.9930037733625
1564.93318,1416.1752134861954,1250.1082464281387
1564.95401,-2369.7167709745477,1256.5733416757814
1564.97485,412.3090221989086,1272.0051581471125
1564.99568,-2163.184768945779,1265.029498865633
1565.01651,-359.71318928910665,1248.4785116172045
1565.03735,457.40305095200506,1251.6473579779292
1565.05818,-2987.399619325595,1260.8843591032748
1565.07901,-270.774354889162,1263.8649634619042
1565.09985,-3551.2224667719106,1264.4397587194287
1565.12068,-5275.252953764994,1238.2892773010788
1565.14151,227.70678944578535,1270.2461129518558
1565.16235,-430.6793641579051,1266.4659040527938
1565.18318,60.34459870213955,1264.5061097854827
1565.20401,-4054.9836084798226,1263.307762896017
1565.22485,-6840.309148280101,1255.6046797066654
1565.24568,663.7639817018428,1260.5197462163333
1565.26651,-0.6144363097676127,1217.3146030034072
1565.28735,-3024.3581170466878,1220.6334282115224
1565.30818,-2000.9591682390414,1250.719714958594
1565.32901,-3480.01123812561,1225.5726609241615
1565.34985,-1156.3243003166024,1269.0278395441503
1565.37068,1399.5545894160455,1273.9145001661145
1565.39151,-2037.7634474280126,1228.3414930304336
1565.41235,31.96669291777854,1212.6282674850245
1565.43318,-722.3510190983818,1221.3951935657226
1565.45401,-2562.1562729387865,1252.2117660078607
1565.47485,435.83863650812907,1255.874323655613
1565.49568,1780.8268935431133,1263.849170636278
1565.51651,-1019.1997530649566,1275.8428147742914
1565.53735,1110.7448276617056,1268.1681374726434
1565.55818,1858.2024118053305,1271.9352033490366
1565.57901,3042.5875954804674,1267.6906429797154
1565.59985,-703.1645378284985,1275.7856850225294
1565.62068,-2206.145918302385,1263.380261504932
1565.64151,-2167.9809122987176,1240.114143601798
1565.66235,-2668.2685862979183,1261.0806565063608
1565.68318,733.6144835334475,1226.2421071433255
1565.70401,-3103.728724951609,1228.728152277981
1565.72485,-1921.4542683202378,1237.1382028963735
1565.74568,1672.5077182889202,1231.274824904303
1565.76651,-2684.073283041418,1232.4686141326818
1565.78735,-1931.989990871076,1220.1018777382628
1565.80818,-1923.7695601523174,1231.0092086558504
1565.82901,199.23836639239886,1231.3851626994501
1565.84985,-469.87652140954884,1209.4437342907916
1565.87068,1980.6527742472326,1221.0548528738711
1565.89151,-3678.3617085430346,1219.1174229435205
1565.91235,245.7722980725597,1220.7591348638225
1565.93318,2317.3781809358525,1239.6356951798052
1565.95401,613.7872140351592,1253.7271353231527
1565.97485,-3166.748352735328,1217.9894548206041
1565.99568,127.98156113522991,1231.0504395898681
1566.01651,1451.4205605992547,1250.866302058199
1566.03735,-1066.3944396105808,1238.20766336999
1566.05818,-1964.1448197988318,1239.9944785002406
1566.07901,-2070.2230036958717,1251.3504740545793
1566.09985,-1772.0413128495945,1252.3262374956216
1566.12068,1418.3396785339382,1258.3853829301868
1566.14151,79.7486817908865,1255.9497900438405
1566.18318,-822.9518482981887,1255.551365671162
1566.20401,-1306.0204667273351,1247.3456678568461
1566.22485,-1649.631651381119,1224.1711271439208
1566.24568,1070.0298632760491,1249.0467353633946
1566.26651,-3691.3811444019266,1214.9185451771855
1566.28735,-104.0967672375962,1217.8728634904774
1566.30818,-2275.5233773100304,1214.875830353512
1566.32901,-139.76088921004688,1208.6861026292047
1566.34985,-4718.12933815564,1211.4210172576215
1566.37068,-484.5808079808896,1217.353502110822
1566.39151,1987.2915905767636,1247.8297338611085
1566.41235,-277.3112068008916,1244.7347640068365
1566.43318,-524.9750402165795,1243.7825308160566
1566.45401,-109.64132093782975,1246.8428412476453
1566.47485,811.7209234434405,1229.9824630059077
1566.49568,-1907.2391353748378,1236.6091962339533
1566.51651,713.3635234195075,1237.3851645320055
1566.53735,-112.70512910932229,1234.5663041458972
1566.55818,-546.0351441615985,1225.2411175781288
1566.57901,1939.8889474950406,1229.5331624164469
1566.59984,-4014.9207076059283,1232.2644733128418
1566.62068,-808.1967915021842,1236.041926416828
1566.64151,-1725.3857022176287,1222.6275639251617
1566.66234,-2742.2453612948243,1235.1935655019788
1566.68318,-2070.49635736896,1220.626220747478
1566.70401,-2024.7973256046243,1224.7114749629986
1566.72484,1057.860378213781,1243.7050505775815
1566.74568,-1363.0665907080727,1248.475225861537
1566.76651,151.75230751357594,1260.6134432489075
1566.78734,5167.85495601092,1263.3421043423452
1566.80818,-1236.2447953312483,1225.5764766404202
1566.82901,1778.961326268968,1228.1593985711995
1566.84984,-3314.9109191864213,1227.8405742793623
1566.87068,891.7531341507713,1234.5650322404779
1566.89151,4866.0407032863695,1237.0968659702378
1566.91234,338.319528147807,1231.1993585160753
1566.93318,-1125.6400060380993,1232.93985509063
1566.95401,-2470.7250338770887,1231.1287677652897
1566.97484,-981.1909794436583,1238.9327554512597
1566.99568,1237.756136946045,1229.8764708876106
1567.01651,-2850.7822443599994,1231.053937329772
1567.03734,794.3837926536029,1243.415056141921
1567.05818,212.29723131929683,1244.780658594059
1567.07901,2080.562322851506,1245.0157491124419
1567.09984,-1915.0124913386203,1247.4098990805342
1567.12068,-1963.4951941057898,1258.0742960629852
1567.14151,2485.700872255506,1260.3695553847062
1567.16234,-2536.9054526205414,1250.2109527907685
1567.18317,726.8202827584925,1264.4007536198953
1567.20401,-440.70293279313245,1262.6052471359446
1567.22484,-4885.609816103304,1260.2190465767246
1567.24567,-2125.477754885272,1268.8297402750532
1567.26651,580.0075259339108,1262.640330527101
1567.28734,-2675.844584937432,1256.9586230257912
1567.30817,367.74241022645793,1245.1370040957736
1567.32901,-872.7181156179346,1243.5038775370538
1567.34984,-4565.940873075271,1250.0655316044651
1567.37067,-1089.5066569579478,1238.4244172519075
1567.39151,-1847.383902282876,1237.2483287072841
1567.41234,-5700.731178685948,1236.936711879491
1567.43317,-1576.195860156001,1234.8325563470592
1567.45401,1895.635966200631,1254.9925752235004
1567.47484,-2074.968482816265,1261.1714917517413
1567.49567,-1988.907016451728,1254.079241140135
1567.51651,-4511.795753372321,1258.4963566780436
1567.53734,1191.086853330819,1269.1551360782248
1567.55817,529.2312597189131,1263.9200793634186
1567.57901,2533.1631888998304,1256.1942078686332
1567.59984,-4341.7023577244,1245.057933975524
1567.62067,-4506.118073571507,1231.8978465756525
1567.6415,-1751.7495457701107,1233.2456423519168
1567.66234,-258.3234607528152,1228.7018662326436
1567.68317,-1050.3388595230722,1224.4148030238853
1567.704,-981.2263808111694,1220.7697340756522
1567.72484,-1563.0352427955372,1223.7633754648323
1567.74567,-519.1843728176602,1216.0972835247662
1567.7665,250.1135232537676,1210.5780619408058
1567.78734,-1281.5403151012274,1216.0880622104744
1567.80817,-3484.173866587487,1215.2058898098887
1567.829,-2289.667071567698,1207.3742381810428
1567.84984,3332.337295339865,1204.9525302621935
1567.87067,-2174.1651284328727,1208.993479772266
1567.8915,-3142.582573732089,1202.2666899845478
1567.91234,-3346.981166403776,1215.0616345368865
1567.93317,-3026.9446427094895,1204.4043390263614
1567.954,-2843.2432369697717,1215.4849670573647
1567.97483,804.6939639767053,1207.6060429437584
1567.99567,-1113.3666486998998,1207.4504465140985
1568.0165,-685.2754000865706,1201.951575416851
1568.03733,-2386.076336457332,1212.3894672425013
1568.05817,-2136.074952864723,1198.2920915405293
1568.079,-2849.8948783456176,1199.1098207331906
1568.09983,-5313.980671924701,1206.0927934708322
1568.12067,875.9579766979184,1206.2995840936298
1568.1415,4863.371609763414,1207.9564528868484
1568.16233,-4728.053910152377,1215.4164961489448
1568.18317,-1227.6135391619698,1221.3379578218423
1568.204,-176.4816466097998,1224.6534972742902
1568.22483,-2694.915534798372,1229.1700334191612
1568.24567,-149.29541021145192,1224.3081749528785
1568.2665,-4269.37884778869,1219.3445640530308
1568.28733,2191.5797394611855,1222.2826655722233
1568.30816,3213.037442622223,1226.6194390844628
1568.329,186.64565480177083,1226.496064258765
1568.34983,-5566.133801510858,1226.346191403493
1568.37066,-2461.6788185646774,1232.177877752193
1568.3915,3285.203342278025,1228.447591140849
1568.41233,-1363.2641600165782,1229.873715092535
1568.43316,-1003.5641137501405,1238.3382456597321
1568.454,-1491.00162130337,1238.7534167871013
