relative_time,cts,e_cts
2447.6965,3045.6571630354097,740.6472569176386
2447.70344,683.8831418029156,737.4454221502152
2447.71038,-630.6119659327354,737.6203783519842
2447.71733,-153.65127457220277,734.3739921251528
2447.72427,1206.313681596933,727.1758390353589
2447.73122,-575.1031537036822,735.3222568352795
2447.73816,991.0404007761697,735.4465816137684
2447.74511,3631.1878740876605,738.5692720238908
2447.75205,3352.870714087963,738.0203980439854
2447.759,-1828.2198730535115,735.8175642369321
2447.76594,1569.9183734287428,737.8279357393433
2447.77289,-1179.7469649767397,734.6342774750583
2447.77983,1733.2557642380034,738.8746329680208
2447.78678,-300.5444596465984,737.7407197058671
2447.79372,206.79655325944444,735.3723641237431
2447.80067,-194.86158417843896,735.1217228544624
2447.80761,1465.3052571211895,734.6888923229442
2447.81455,-489.72819618416764,733.2658662959741
2447.8215,-942.8283838093877,726.5572551248505
2447.82844,-61.40186962560392,726.6179499366086
2447.83539,-42.781036824513926,727.2116898568119
2447.84233,1417.698825521465,729.4216518973703
2447.84928,376.8585937652154,724.1850209450838
2447.85622,-641.1892161849148,722.632323964496
2447.86317,-1048.1768612645797,722.9927190643651
2447.87011,-903.3756030700524,721.1594003029891
2447.87706,-859.5548924234032,720.964631805154
2447.884,-298.0548192679215,723.0550911075361
2447.89095,1749.6125442854654,721.6234692695745
2447.89789,1343.962596084634,719.1340385448242
2447.90484,653.9393197326398,721.6814385802863
2447.91178,-1594.39892865205,719.0666348074141
2447.91873,-1835.12356720336,723.176690384979
2447.92567,674.3600314938092,722.0830306767374
2447.93261,718.1652277498881,722.230731868045
2447.93956,-14.935850559758418,724.1074489922324
2447.9465,1612.7008778307427,720.9476498370974
2447.95345,-624.9659856887129,722.6626189568934
2447.96039,2041.3700933863026,724.3524296054943
2447.96734,-1194.1871936539555,722.8181821704494
2447.97428,1293.1791737077913,724.1866981764969
2447.98123,1265.7921860996755,722.4586256862868
2447.98817,-3125.655126298762,722.6688037477288
2447.99512,344.32554570111546,723.7362567151422
2448.00206,3412.2429240499064,721.8806098105806
2448.00901,-1334.897894086094,720.7360041981691
2448.01595,-1396.6355244751885,719.7740071558483
2448.02289,1965.5186654837478,722.6952201424835
2448.02984,407.62363026608307,722.443949911423
2448.03678,2778.2257590409204,721.3815286382487
2448.04373,-1142.3216425348355,722.7321192335697
2448.05067,1735.5595464107266,722.3620800530758
2448.05762,207.00463478162013,721.7134108040967
2448.06456,1428.7629970182315,722.3685793248012
2448.07151,1181.0776384490312,723.3059420307435
2448.07845,1480.0777872721067,722.6760368081974
2448.0854,-1645.9209618123944,722.2100809562725
2448.09234,-427.2488102026724,722.0705562681032
2448.09929,-319.1620428118258,723.9017784902129
2448.10623,-1019.0623253010706,721.0808849074679
2448.11318,-1320.51500575781,720.9016308002032
2448.12012,230.50034068460454,721.8309218299703
2448.12707,-233.5248082301029,728.4733871872436
2448.13401,417.56311327346776,722.5877725050881
2448.14096,3013.2055655218037,719.9207649044861
2448.1479,654.9151539341177,723.0869585043832
2448.15484,982.3691143709424,724.4007548355814
2448.16179,-40.00773468311277,721.3203096916741
2448.16873,1642.149287672403,720.5046510901378
2448.17568,1875.0124281100761,725.827659460194
2448.18262,-986.9182900978241,724.8171275338595
2448.18957,691.0477502644496,724.6257134988506
2448.19651,-1360.505653645903,725.5231371317707
2448.20346,1667.4813523186997,725.8942245818977
2448.2104,1609.3552204696543,724.1733851521561
2448.21735,3484.1634456551974,726.970063706376
2448.22429,900.6833321712919,728.2374216928266
2448.23124,1587.5038303131932,724.3623881670089
2448.23818,1301.965560118736,728.5108104131463
2448.24513,553.4494672000286,726.786721347542
2448.25207,574.1600255147576,724.7920738896278
2448.25901,4501.981160420856,727.1357951353734
2448.26596,-460.59688790652854,725.197754237648
2448.2729,2154.4760806075246,726.5477158711891
2448.27985,-249.3175143879794,723.6559592612447
2448.28679,1974.9375777913217,726.8816945763033
2448.29374,29.456900825688404,725.8952728515308
2448.30068,-1541.7422484408091,724.4819957321488
2448.30763,-892.6483454333727,723.968867746733
2448.31457,7.46001084414906,723.6788115392468
2448.32152,1207.7957252042484,725.8974742177603
2448.32846,1020.7692227446912,723.1212369213865
2448.33541,879.332490764649,721.2808947534685
2448.34235,-41.30989522138336,724.5589387232203
2448.34929,-168.38176911083167,723.9276707501512
2448.35624,1505.464047458436,719.8937195479515
2448.36318,-1535.2199147834922,719.2172711536946
2448.37013,-367.3781480301771,720.6320158505629
2448.37707,-1002.2841408610913,721.2213530383069
2448.38402,-1121.8238829556312,719.9512695508101
2448.39096,-258.6876821576127,720.4795974459062
2448.39791,1237.9762465576844,719.2054257068402
2448.40485,-373.99849489819144,721.151328626814
2448.4118,-657.2147430283087,720.4705823270614
2448.41874,930.4400381120548,722.0622749380015
2448.42569,682.5330753424113,722.8258345387713
2448.43263,-121.67569629899988,722.0552515314595
2448.43958,448.1974305510845,721.9304026181541
2448.44652,-1080.5370496661772,718.9671540192304
2448.45347,-435.6405230967447,721.5136106120228
2448.46041,265.31002073792985,721.6084790138207
2448.46735,401.82743298363334,722.5980455474928
2448.4743,405.42792469253516,722.7126214183935
2448.48124,-398.1532479195229,723.7859446957524
2448.48819,461.327846321708,723.6328973293158
2448.49513,1762.029612570746,723.8225293059486
2448.50208,125.90116636317192,720.9781544834215
2448.50902,1798.5457707598391,724.2394261390432
2448.51597,-119.17892768681767,721.7692835755424
2448.52291,921.8778765756359,724.2264275955924
2448.52986,-315.515951373883,723.1227044988728
2448.5368,500.9035890890092,721.6810192724331
2448.54375,248.7813244706349,723.3695719974743
2448.55069,-295.09995682606274,724.9958575063076
2448.55763,38.858411857352195,724.0714933438162
2448.56458,-1009.5546245555709,725.5407480616071
2448.57152,-561.2461822503383,724.0595430699985
2448.57847,664.1955898231554,724.6256086718871
2448.58541,1400.3194584468872,724.2855500029008
2448.59236,-431.80846862588527,724.6007646815821
2448.5993,-693.2077098435079,724.878660961324
2448.60625,-1508.1323129825973,726.1992710451376
2448.61319,-855.0392613247814,725.4498630844151
2448.62014,283.1312334628707,728.54225850214
2448.62708,-1625.881191235903,725.8476814101869
2448.63403,692.4228703691857,725.2703993232237
2448.64097,800.9727632839478,726.5767529400267
2448.64792,155.9619753245049,726.878235286514
2448.65486,1418.4438307497282,728.1960150423182
2448.6618,1229.9614914236843,726.9201660718392
2448.66875,-270.8239190081785,728.4686699738945
2448.67569,997.187768385717,726.2978083906517
2448.68264,758.1940326526268,731.21932949122
2448.68958,2499.595061593954,729.783200093836
2448.69653,866.3939083368876,727.7880285011051
2448.70347,-741.3382762597961,728.8965736381369
2448.71042,-1282.5119819210897,727.9753542845449
2448.71736,1196.343484289298,723.8806034436237
2448.72431,-244.51979393108323,723.7309105400133
2448.73125,-179.11552601923663,722.6154468234026
2448.7382,849.5145658773115,726.5772770748432
2448.74514,1202.7357276851437,723.7304912321599
2448.75209,-22.955742214960633,723.5300620783061
2448.75903,414.0371535354814,724.2588191272561
2448.76598,-79.41145640361768,723.1176728046338
2448.77292,1558.8214959194224,727.7933746762341
2448.77986,-601.2984683928589,726.8419651572078
2448.78681,1229.6000480541823,728.7996086970727
2448.79375,2229.263724486382,728.2208590326233
2448.8007,-901.6311775735655,726.9862070587262
2448.80764,1528.8698118268978,728.5122779906326
2448.81459,337.04070071266193,727.7835209416826
2448.82153,78.70901092245921,726.4961410052392
2448.82848,1405.7978203765729,725.4233418626969
2448.83542,1042.0260343652428,726.021065207506
2448.84237,212.94895256323068,725.4981883145022
2448.84931,647.4984366258168,725.9816502693004
2448.85625,762.7457242266279,728.4187723393577
2448.8632,2426.023200835598,733.5549790607906
2448.87014,919.0417830832105,728.5209786285875
2448.87709,2574.716055216146,725.1556137983963
2448.88403,593.4482915912599,727.3946129077925
2448.89098,229.18539125680988,727.7944229458672
2448.89792,-55.696976628199664,726.8555926624385
2448.90487,2325.1552374463176,728.5441453874796
2448.91181,-1982.1829030146064,725.2193485920903
2448.91876,3447.1753564772707,729.804689621315
2448.9257,1268.903135889907,727.6932649262704
2448.93265,1572.72794569945,734.2730437594827
2448.93959,-2030.1369408246758,731.2944904239152
2448.94654,-493.2611793286959,730.6414184424771
2448.95348,-1504.0222574050329,732.9013829445358
2448.96043,1766.4070817317215,733.4289770508886
2448.96737,3771.2043055417785,735.2139705821776
2448.97431,338.13247353556386,733.8359153224686
2448.98126,-1192.9122881261464,736.9873283205386
2448.9882,-4112.87416495433,726.1530423543168
2448.99515,-1320.6438380957215,734.9430977089775
2449.00209,813.9231911585634,728.0087940858417
2449.00904,1109.507867862984,731.6323477266722
2449.01598,-383.3051375280572,736.377654701912
2449.02293,-500.32253323136683,728.4020000252276
2449.02987,181.19214816246148,730.1278711492081
2449.03682,618.9098175372476,728.1337478261104
2449.04376,2969.411690577763,729.3365324031604
2449.05071,-1159.3817066791626,726.2271550173788
2449.05765,2230.4373671676312,727.0496273715303
2449.0646,130.03554179622526,726.242983888839
2449.07154,-980.67007894957,728.2182383585405
2449.07848,698.0048013386241,727.2874797512868
2449.08543,687.9354377236951,727.3859122698376
2449.09237,2386.8304957922414,730.6500142534687
2449.09932,1121.403107524894,726.6404877337208
2449.10626,-366.1422381327202,728.4461321767823
2449.11321,1816.8017009016376,729.875762302441
2449.12015,1842.351910458588,730.8058919479147
2449.1271,-1320.756631908246,727.2790935942219
2449.13404,365.4895854591353,729.5012155625247
2449.14099,-629.2363216931827,730.0225200510788
2449.14793,850.6073869698466,730.0669666835234
2449.15487,-699.4469058729171,729.23747092283
2449.16182,-19.28941917309856,731.2661871438208
2449.16876,1062.0105611320682,727.9662343387367
2449.17571,23.73691274556703,728.9389237313154
2449.18265,916.4530812242031,729.6698821464948
2449.1896,-678.023943515515,728.0772460928849
2449.19654,2946.9351124121044,729.8333073822994
2449.20349,-848.7710282265346,728.0896156745557
2449.21043,32.68169269807734,727.1086449518755
2449.21738,-1742.4554833652899,726.8475209862635
2449.22432,1380.8029840712531,730.6441439435232
2449.23127,-1342.2496186771411,728.0553372575525
2449.23821,305.3087403021978,730.0209476466291
2449.24516,1373.880525894972,728.6467709845627
2449.2521,1430.0252184834799,730.2615255274319
2449.25904,2674.0215727172504,730.6780030526733
2449.26599,-136.98263430888528,729.690742712194
2449.27293,378.127943463969,731.8035301577618
2449.27988,756.5497169061035,734.2116151589814
2449.28682,775.9196431870264,732.1745127809255
2449.29377,718.221834310077,727.715278588566
2449.30071,751.5085882403953,728.6650108761793
2449.30766,-1649.775239599476,731.242810731002
2449.3146,-5.684346912595061,731.3599024490223
2449.32155,226.53201116143853,733.7056154070709
2449.32849,-527.2903178131949,729.0036019676793
2449.33544,292.8684004310618,731.0380836716523
2449.34238,-1453.5101272092434,729.7922152126808
2449.34933,417.287628013882,729.5056182949838
2449.35627,-625.628072788996,730.4577616027532
2449.36322,3630.7138465595604,733.317441161924
2449.37016,1808.6635644318185,735.3812744156246
2449.3771,-2403.110332848632,726.0356361554065
2449.38405,1433.4737110955782,736.1389637064489
2449.39099,1507.7095458395572,732.478091666679
2449.39794,-1709.3213574935548,730.5695071456445
2449.40488,616.208741173569,731.2878863252265
2449.41183,1054.561557119067,734.8600747540339
2449.41877,345.92415689163437,729.5309864201056
2449.42572,1271.1603748909197,735.1375517259225
2449.43266,1390.8493905812168,731.4483764060583
2449.43961,-318.02257372061666,732.3466386546849
2449.44655,-1695.9043448052344,735.0385950725554
2449.45349,1043.306181241218,734.3855230911172
2449.46044,503.35916070460945,733.8445111334602
2449.46738,1299.3188889490166,734.0691553158395
2449.47433,1112.4444904132265,737.4532841724637
2449.48127,95.53206130273637,740.6113012692225
2449.48822,-723.3386480432971,737.7863194349081
2449.49516,2206.714815716038,736.5446440544691
2449.50211,-1982.9590418509736,735.733073704502
2449.50905,1756.525568035049,738.6759858725432
2449.516,33.04806293485524,734.2716810089595
2449.52294,-1310.1380798325215,735.6152481977385
2449.52989,1685.9412757311047,733.4529824254873
2449.53683,-1219.065357549108,732.1653928351174
2449.54378,1844.6474113012096,734.0760738954181
2449.55072,488.7937686331981,732.9923727486913
2449.55766,2069.0033195312394,734.8816691084762
2449.56461,598.4853320053988,733.6482750581389
2449.57155,280.79034254513454,734.7577636378406
2449.5785,311.21259487596967,732.5543008690074
2449.58544,3083.075776551662,734.1629754480042
2449.59239,-1878.520147956446,733.8741771640778
2449.59933,-597.5825621973501,736.3814284725912
2449.60628,3706.4700915794274,736.0575131559549
2449.61322,332.20796805001936,733.2414416135222
2449.62017,-633.6229107999665,734.752522289675
2449.62711,571.7569722077772,733.7408372667439
2449.63406,1268.605427314099,735.1181587377097
2449.641,-110.00185118360649,734.130688743304
2449.64795,-2044.6159554783171,735.2277029143715
2449.65489,5.509390710826208,732.8087159089674
2449.66183,2010.6761295665608,733.8823536672162
2449.66878,409.9958644458498,740.8637245968794
2449.67572,2004.4590520264105,738.0069801926815
2449.68267,1196.4274506869112,738.4132895024815
2449.68961,-555.2416937917861,740.2235463319287
2449.69656,2547.1232922790477,739.4678487534073
2449.7035,-851.6456980414589,744.2873732186727
2449.71045,-170.60263315557467,745.2713839232889
2449.71739,-478.37428296080463,742.3910534523455
2449.72434,1347.6478928068557,741.8649269234791
2449.73128,1591.0783249351935,739.5282290842755
2449.73822,-2259.460808500022,739.005771499125
2449.74517,572.1042639372321,742.7648664035188
2449.75211,7.845249934323281,734.9085048110843
2449.75906,635.8293087237726,736.2503947684503
2449.766,508.35332689075364,736.405853155043
2449.77295,-2794.384311300758,734.2254523181387
2449.77989,-1176.127709241405,734.706608079744
2449.78684,-298.4638540787677,736.5198000641641
2449.79378,1691.8004740185054,733.791783170914
2449.80073,2823.1165433290657,731.0452119051577
2449.80767,734.9031586359554,730.7708797421682
2449.81462,89.69298979229173,729.9495604846131
2449.82156,250.44985524568332,735.7728031235976
2449.82851,-188.19752446672325,727.3585524324129
2449.83545,1220.4801022459765,729.838548730465
2449.84239,-45.9178788746834,729.8044799673884
2449.84934,-1067.1666849765304,735.0930002665147
2449.85628,-122.50571619450989,735.653929347201
2449.86323,676.4347667516943,735.521218411647
2449.87017,-1925.0413060049939,736.6443344965795
2449.87712,1525.2758193897218,730.8199387609986
2449.88406,2115.5638925179933,729.57574753344
2449.89101,420.9291070654389,734.1827877440704
2449.89795,-71.03179861032622,729.0726829365022
2449.9049,318.02886333841536,734.1053206181823
2449.91184,1509.8713923039554,733.8388504774415
2449.91879,-661.7554277711621,735.0071469835615
2449.92573,-686.0075650414109,728.9190066082859
2449.93268,-443.37643850833297,731.9712532990621
2449.93962,811.2457008616301,729.0327438634802
2449.94656,-2158.2743807961974,736.2354045126965
2449.95351,1650.696039645215,734.2817443974376
2449.96045,950.0667904530936,731.264929220261
2449.9674,778.3448149832659,737.0567237702517
2449.97434,1127.18431455159,732.9958320384806
2449.98129,259.9617490697154,731.3019331383105
2449.98823,834.1604557339356,734.2861471298968
2449.99518,913.3611051143313,738.9411980897244
2450.00212,340.6365800351779,745.8728810387773
2450.00907,-473.9328693522083,746.3891538330925
2450.01601,-796.8795848474763,746.2147217661401
2450.02295,335.8229258798582,748.5037233370365
2450.0299,112.88951954198167,748.1632453601967
2450.03684,-1054.684309493106,755.0657864134488
2450.04379,3215.3914096269023,752.9023675446011
2450.05073,2944.898219687975,737.0016896145125
2450.05768,59.201446838706836,735.1701529115129
2450.06462,-1071.8070601614943,737.3509730562704
2450.07157,-84.74033508361937,728.2203348978067
2450.07851,-94.15987635297294,730.9215160884487
2450.08546,641.7374612030402,743.5855566992939
2450.0924,-559.2536313316903,740.5747166590262
2450.09935,-33.738034007379525,738.9373194920818
2450.10629,-1309.3062778786352,743.8388186426575
2450.11324,555.9918355412518,744.8689532111315
2450.12018,327.3960959530759,737.7235280838838
2450.12712,254.07812609986286,740.0550894018852
2450.13407,-1538.3303404389071,737.1611314257111
2450.14101,1985.1481433258325,739.3606107699384
2450.14796,1577.6836403900584,742.2518432450663
2450.1549,390.24793213522133,740.5502919765744
2450.16185,38.432395078449346,742.0851683733991
2450.16879,1248.3485600965873,742.0936593574274
2450.17574,780.7722929726983,743.8754032528536
2450.18268,1031.3196372942625,745.8195241144512
2450.18963,-80.96373407635232,742.0423989723676
2450.19657,122.38390726314054,741.2889027600758
2450.20352,256.51409507332363,742.9161317115789
2450.21046,281.31741251667086,743.3393181624724
2450.21741,3873.4677254666776,740.7867816058078
2450.22435,3180.0187039536236,741.0681371753392
2450.23129,123.1413869000382,744.6178926339976
2450.23824,641.7617810585286,742.2874844125927
2450.24518,228.72541054179374,742.8562755155274
2450.25213,-1661.4763397253307,742.0582278438277
2450.25907,-570.1139143848137,741.828027832393
2450.26602,1758.0658954339658,739.5532827285072
2450.27296,1307.8623912859657,739.272660947719
2450.27991,733.959715966141,742.2214434257056
2450.28685,-928.754315715023,745.478207521905
2450.2938,-1572.486948510794,739.7277147954595
2450.30074,1685.0493031002766,742.0662995200028
2450.30769,2139.7704300592013,740.7651872513655
2450.31463,623.2434690275584,741.6089394790695
2450.32157,-624.107557686145,741.6495075138714
2450.32852,1.9950667657674865,739.8550795558846
2450.33546,774.4348740786651,742.6934792415027
2450.34241,-832.7256890870744,739.4118711549984
2450.34935,-85.45179568362273,740.9314428151795
2450.3563,1583.3228068814658,742.1000538021894
2450.36324,-334.33721332882715,740.111695962074
2450.37019,-1938.3857784347024,739.6190092345042
2450.37713,1444.3690063544482,738.148286939227
2450.38408,-238.72915247768904,737.5766655082828
2450.39102,1372.5201863920627,738.0395813782717
2450.39796,-1604.1560127432706,736.3870891286101
2450.40491,1439.9531705249003,738.6710590052675
2450.41185,-2105.7361550534997,736.552296422791
2450.4188,2990.4129340617574,738.5301715665752
2450.42574,-1406.9160095942295,736.5209531607604
2450.43269,1083.2009124578792,738.4468341307415
2450.43963,-1091.4747998451883,737.0965580163105
2450.44658,281.34057927556296,735.5175494679311
2450.45352,279.80234841591226,735.6175543909314
2450.46047,-2083.5993210759384,737.3566337122893
2450.46741,314.54431025093766,734.4915031510263
2450.47436,-1262.3500879323394,738.2734503334223
2450.4813,-921.7995708340412,735.1530661164928
2450.48825,-1161.5905156231247,738.020607697912
2450.49519,89.54088586852497,737.8778333738801
2450.50213,1396.8386791300886,736.521477295577
2450.50908,-307.528975385161,738.1740743722019
2450.51602,-576.9583813003906,737.2662728699138
2450.52297,73.64073207325295,737.5181720627542
2450.52991,2153.6478427703914,737.4715240640801
2450.53686,-220.37154018147714,750.6056087784197
2450.5438,-930.0901257085169,734.1604596008848
2450.55075,767.0085126897394,749.046622180033
2450.55769,-616.6742777176406,750.0760229597637
2450.56464,-914.0944745496671,751.2166451475694
2450.57158,1430.909538745986,748.8547888371706
2450.57853,2959.361719951046,751.9876474627343
2450.58547,1840.8517317866197,751.7209676680668
2450.59242,2856.588736157484,752.4676501277432
2450.59936,365.01419518051216,750.5503649687537
2450.6063,-997.1111398755355,751.4493610061236
2450.61325,1655.60162704736,748.4695497469966
2450.62019,2961.359721871787,754.156412506711
2450.62714,-1360.6225357099968,753.174498341361
2450.63408,-703.0749670731701,746.745355854429
2450.64103,-758.5276968768511,741.3505410145037
2450.64797,-641.6388190305629,741.5251827353826
2450.65492,3106.451455581653,742.8186426356982
2450.66186,214.97578189888196,761.0196434487209
2450.66881,1081.4300705666376,757.098276405119
2450.67575,154.5001633211091,741.9541346692582
2450.68269,-316.88121774406784,753.7107930856687
2450.68964,1816.4902599936354,756.4847241888497
2450.69658,-732.5804027828723,752.0208776101045
2450.70353,-352.764221074752,755.9994801756751
2450.71047,-1630.3479729696212,754.7150353942045
2450.71742,1338.0949068132052,743.8749839450004
2450.72436,120.68445253391486,743.0945472031372
2450.73131,-1166.678921249287,744.7284850802924
2450.73825,923.1157781853957,744.2220660205287
2450.7452,597.0867306608807,758.1387888429609
2450.75214,991.993487526609,744.7213568467872
2450.75909,-1076.075718934551,755.5817447268739
2450.76603,1681.9607862801945,762.3685568126288
2450.77297,2014.8400662032684,755.2079317757009
2450.77992,837.9675613875264,744.9267128679168
2450.78686,869.8080177050194,747.1557534157982
2450.79381,352.72008892319735,747.31624349663
2450.80075,-621.6455916257828,758.5959392299677
2450.8077,347.26363582884414,749.511949070178
2450.81464,1651.7250211170924,748.0092545510904
2450.82159,894.2680268435174,748.3224775174688
2450.82853,246.79915142135482,750.101915219702
2450.83548,-630.4730702063463,746.5708189605133
2450.84242,-2017.1708937325266,750.5727979389028
2450.84937,-1505.767102209373,749.1782848459536
2450.85631,757.5644419109707,751.2209430530652
2450.86326,1054.318253737218,749.7930949857828
2450.8702,-108.34306931614607,747.7892227550971
2450.87714,455.2530189707732,747.8682622854348
2450.88409,-637.9398948031104,749.2852083485327
2450.89103,686.9784723756134,750.0890215032146
2450.89798,-667.5620029229798,749.8731827857537
2450.90492,-481.58701973241256,751.0598240104537
2450.91187,908.6425290147363,749.8080852415364
2450.91881,2188.291476913829,751.5989490827708
2450.92576,-4010.109357663907,749.2476802956668
2450.9327,-318.4341243785824,750.0743457283507
2450.93965,-1073.7637602586894,748.1173311502658
2450.94659,-657.2836143432052,750.5316009423208
2450.95354,823.6613015694244,750.0566299715509
2450.96048,-1097.2160677988622,752.0515919103552
2450.96742,1439.930947208678,750.1433218702106
2450.97437,2319.377804190301,752.240280444318
2450.98131,-2192.1776220977576,752.1650146846595
2450.98826,1824.6468460089977,749.9803159422593
2450.9952,-1775.8509428565635,750.8078199906498
2451.00215,254.4397791232917,747.1185398438223
2451.00909,1043.1952743140328,750.7142095124116
2451.01604,-497.28653471990407,750.3253014785214
2451.02298,-665.0745639105326,751.850428967758
2451.02993,-780.2730021464399,751.0198849374314
2451.03687,1520.9008660758657,750.4337973855501
2451.04381,-522.9973391846494,752.8787814778558
2451.05076,2055.4872453625885,756.9346415153879
2451.0577,-538.8161472563908,756.1501165219555
2451.06465,207.5646204196366,756.0592315447634
2451.07159,757.8386692469967,753.9962369067692
2451.07854,2407.446814666953,753.0252247456035
2451.08548,-444.9745255640352,768.403549917505
2451.09243,2090.0038292264917,771.6502506252262
2451.09937,2983.7145959330387,768.509844458304
2451.10632,-1155.3358052031454,766.6371107587224
2451.11326,100.46427475356272,754.6016126199002
2451.12021,1560.9485398320005,756.2502262719191
2451.12715,88.5539400089358,755.2108669306737
2451.1341,-86.42951677044039,754.694070001542
2451.14104,-628.1155118014432,754.0704543967946
2451.14798,3879.379756543588,755.7434927312655
2451.15493,50.277108144042515,754.4040137940557
2451.16187,-2245.0808553267107,755.171766473358
2451.16882,841.8426997403076,758.2368020536584
2451.17576,-449.09506383793126,756.7707969717301
2451.18271,-273.82312325551845,757.5565798887221
2451.18965,-319.02209881580336,757.5473551159506
2451.1966,1286.101886106697,757.0955509040729
2451.20354,904.0833947263399,755.421883607822
2451.21049,2666.7957453091412,759.6188407379732
2451.21743,48.76225369721053,760.0586946760333
2451.22438,-1277.5688664660788,757.4514384445195
2451.23132,-1092.255760721868,759.5765954717581
2451.23826,121.34549136456485,759.8543869245368
2451.24521,1660.1476579653422,758.5485574425503
2451.25215,-1001.6777168783271,759.385810398529
2451.2591,1017.9603842627272,760.935257743254
2451.26604,84.92095194140717,759.5857154175663
2451.27299,2173.5859311924683,758.4644862179736
2451.27993,1847.9350993515861,760.181656703999
2451.28688,2477.7661044076417,763.00684819224
2451.29382,887.2961951675156,761.5162087739332
2451.30077,-2097.0067945105975,759.1261540104034
2451.30771,202.17756277499637,761.8382372052298
2451.31466,933.8776287199686,759.8800695305484
2451.3216,550.0982540098846,764.6173048296131
2451.32854,144.52619224279456,762.2833324914557
2451.33549,1817.92513146746,762.3828132796393
2451.34243,276.0067737282856,765.4973271866234
2451.34938,1931.8466724632551,764.6038869783091
2451.35632,-1142.2808648461069,766.6014695911961
2451.36327,597.8538543784033,769.5930214702144
2451.37021,-1563.9664032788105,767.793771471915
2451.37716,510.3770114175055,767.340918990404
2451.3841,1635.5390041928667,770.4982022984195
2451.39105,2757.644766852846,771.1373322937371
2451.39799,1522.2597380012883,772.6600487628176
2451.40493,-1680.4029527784041,772.5768161539472
2451.41188,1140.2674533617594,774.2577165106666
2451.41882,499.6159994986391,776.3376931167174
2451.42577,-363.83866561392347,784.7225922581745
2451.43271,1930.434758094396,797.7360211377411
2451.43966,1152.7553846742396,804.7043935239536
2451.4466,-2946.2171525403755,825.4895886365613
2451.45355,-1745.7776594865966,843.4561963596168
2451.46049,-1669.269909966741,857.361178562158
2451.46744,403.9051033964913,889.8122519409474
2451.47438,-3039.143215535157,893.3326558498782
2451.48133,-869.6973204317611,889.0312910642676
2451.48827,-1476.9553065159112,898.1419072727388
2451.49522,1035.108083748384,908.9035481533849
2451.50216,5151.705912093508,935.0399500891799
2451.5091,11644.02456983203,935.4895529348281
2451.51605,6698.966461537026,947.9855559234832
2451.52299,5426.930257367628,970.1473387183133
2451.52994,6746.635684487774,999.9731256278992
2451.53688,2811.345418791718,1045.1363551936943
2451.54383,-9510.38704126144,1079.698748440565
2451.55077,13771.395437708823,1066.0446171612311
2451.55772,-2282.5658243107396,1113.9824067919872
2451.56466,16151.08281456701,1122.9994125222202
2451.57161,-10639.156968460095,1120.5088287008734
2451.57855,5417.2383756475865,1138.1934518926178
2451.5855,1036.054147092281,1149.0405267483636
2451.59244,8259.683962741885,1165.7720631896686
2451.59938,-12570.067326487042,1173.27295654951
2451.60633,23848.642249932956,1193.8107600286996
2451.61327,4010.3798112292534,1191.9183188600152
2451.62022,3758.0747283868614,1236.3680961135042
2451.62716,-1296.1738703957087,1295.8956596350768
2451.63411,-13526.416711332358,1350.1115360986312
2451.64105,-22314.514946588075,1427.9537328614576
2451.648,1530.7434889691494,1466.79348551934
2451.65494,-41168.82548860178,1538.6779466492517
2451.66189,47310.57070397182,1625.6084314773639
2451.66883,-9320.248435915053,1725.719963499379
2451.67577,-14654.341628379752,1821.051071513445
2451.68272,-10612.60880621241,1870.6713339053701
2451.68966,-60094.08155663501,1873.805555281457
2451.69661,7614.704622871435,1909.7496727317523
2451.70355,-31772.081672748543,1757.0710875521281
2451.7105,32470.151152323528,1731.7586255479712
2451.71744,-564.226203163392,1633.3747467083126
2451.72439,4691.922481422286,1465.4592479302958
2451.73133,2108.8242525657292,1300.7099427521764
2451.73828,24372.347066293005,1196.478920725898
2451.74522,-14948.990409955715,1188.2218056527192
2451.75217,-2781.2684664780354,1180.4104148275458
2451.75911,3637.9468022011743,1226.3618383304893
2451.76605,4736.558641016545,1239.2197039965
2451.773,-947.225560439466,1275.8654283122473
2451.77994,-4772.808853199714,1286.8412306789414
2451.78689,4217.543049206366,1315.2253323620873
2451.79383,7452.732079124506,1351.3153689453143
2451.80078,-6029.945581765623,1372.680152338078
2451.80772,2187.045713281821,1395.0899557281061
2451.81467,-7350.256174944972,1413.8540869880444
2451.82161,-979.0481961731956,1403.8265493314773
2451.82856,12784.13415378704,1428.3408588369712
2451.8355,2328.582869492717,1435.139306715654
2451.84245,15674.67539991884,1455.6796260419633
2451.84939,11597.106012765562,1473.2267162578412
2451.85633,15406.534422209688,1471.4133146194947
2451.86328,3757.311692920908,1484.4320896741901
2451.87022,-1507.7926736214647,1497.0532560570405
2451.87717,1309.7554614164303,1480.9525682809513
2451.88411,-708.1883215166008,1435.36321710929
2451.89106,-7116.11970138394,1409.0586727243412
2451.898,3331.3438682099177,1402.7942133967738
2451.90495,-2219.102742105518,1412.4113534919718
2451.91189,9017.261927331121,1417.1499515415596
2451.91884,8570.107944372852,1403.322646118833
2451.92578,5509.960759852654,1373.871825257017
2451.93273,-4269.337527644359,1353.9586856522076
2451.93967,-6176.759936963606,1342.2199526465236
2451.94662,-9240.449853535922,1335.2030453762973
2451.95356,1496.3046867120242,1325.1046446925307
2451.9605,-390.93339564832326,1327.5938657633542
2451.96745,6558.937765328198,1326.4009349208557
2451.97439,4328.35206800748,1342.3631462784087
2451.98134,8939.157872813941,1341.6992771197495
2451.98828,6206.818439731747,1344.1129179500247
2451.99523,3545.851178409755,1352.5977171875186
2452.00217,501.6860175431753,1375.7733863715093
2452.00912,-947.2557506049001,1363.2918495037916
2452.01606,2255.8509871913852,1376.606970383772
2452.02301,2252.569064623991,1352.698036591409
2452.02995,-1031.5851639923335,1348.8374691865283
2452.03689,-1378.6648285005638,1348.3075688869826
2452.04384,-6499.40841974825,1349.2223937958129
2452.05078,-545.7279130824144,1343.4431784814196
2452.05773,-2154.4555345227154,1340.88288472947
2452.06467,-1603.1553345514876,1334.6976745861668
2452.07162,-1757.6279283812453,1340.0262387852786
2452.07856,-727.9426482719913,1341.747812003763
2452.08551,-886.8191276574795,1347.9344897245526
2452.09245,898.7064004701775,1355.6915801827301
2452.0994,103.01041686546519,1357.426676079482
2452.10634,597.5110702083707,1354.7197294058578
2452.11329,1361.6343255598908,1355.3372650467331
2452.12023,3541.5146965914346,1362.4892942726694
2452.12717,-5348.844233088135,1357.3850597750468
2452.13412,-138.2506212571159,1338.8406458302118
2452.14106,-2412.867207285926,1340.8255443805378
2452.14801,-3980.8175593054357,1346.903726194299
2452.15495,-976.5707157222631,1345.362769833602
2452.1619,216.08013395738138,1352.1891016845257
2452.16884,2306.4944655722056,1365.1707679942085
2452.17579,7993.506394055579,1383.8514569913502
2452.18273,7128.298393154648,1403.767426924169
2452.18968,6780.407892085193,1421.945785113116
2452.19662,4032.598410238199,1465.7070588715671
2452.20357,4154.784194540679,1495.6331651850433
2452.21051,5743.34614822155,1529.7847415626914
2452.21745,190.5348512677068,1569.922147199422
2452.2244,5967.4982728349005,1617.472391546811
2452.23134,5375.080430293005,1667.0425466502725
2452.23829,5316.601975020266,1717.8643356956877
2452.24523,13252.401964387902,1762.3761705114578
2452.25218,6537.374125186032,1819.933406430605
2452.25912,6313.689424002092,1866.006743691881
2452.26607,3050.4029941454664,1920.9924693740038
2452.27301,-8364.31521411409,1957.6438543457703
2452.27996,-3014.084225128291,1966.28767608661
2452.2869,-9412.2734063332,1984.1997737887427
2452.29385,449.86428409471995,2028.2978565803176
2452.30079,-9732.63519374014,2046.9339941180513
2452.30773,1913.6845624536213,2076.7730940519778
2452.31468,-7650.5229479657555,2077.509608296213
2452.32162,-6843.430491390575,2077.4458735025187
2452.32857,-282.46579189976165,2076.316258145861
2452.33551,1114.046665720498,2080.3356384001604
2452.34246,-2651.968914791228,2062.8307934504974
2452.3494,-6433.151174835928,2064.4917766841872
2452.35635,-7066.118078499484,2077.0584330461147
2452.36329,1192.7026341995213,2063.6161570596364
2452.37024,2656.7385416219568,2065.566357885106
2452.37718,2726.857297381829,2061.154190999274
2452.38412,310.49704602439704,2056.5736720103614
2452.39107,-2635.5436827367234,2029.7311556496923
2452.39801,7361.342989065814,2080.2103701790015
2452.40496,-3296.5577742233377,2092.7740913859566
2452.4119,-5230.752989972651,2045.270495037242
2452.41885,-2911.5735183969373,2057.753499482446
2452.42579,-7510.047269585365,2052.557436564962
2452.43274,-2042.841234989433,2081.3000464626375
2452.43968,-3539.01499282428,2074.4409037721966
2452.44663,-408.0962950436603,2082.2430698245985
2452.45357,5166.680443802729,2094.436542197133
2452.46052,3718.939783000291,2114.715003769087
2452.46746,11911.457651057932,2105.103943637761
2452.4744,9734.9743025995,2101.1485078310825
2452.48135,4334.871152028934,2112.4941397243438
2452.48829,13845.847530478117,2117.593342527727
2452.49524,7971.64556947242,2044.0298679264358
2452.50218,93.91196058473822,2046.7711978440266
2452.50913,-1484.2276770957305,2045.7477722012045
2452.51607,-6044.250898141054,2046.1307050981861
2452.52302,1645.4985091502444,2049.5847535393395
2452.52996,-813.9401731266202,2060.9703245056235
2452.53691,4452.246846292847,2086.276601718945
2452.54385,334.1807066726017,2164.8691498851636
2452.5508,5286.169135166135,2172.2548384123243
2452.55774,-245.42046719986652,2191.499810952978
2452.56468,-3140.8577614801516,2213.7740730794426
2452.57163,554.7519422191887,2165.7251668675754
2452.57857,-9019.76739658126,2204.8492102499617
2452.58552,910.245542937714,2226.2663022974184
2452.59246,-5656.872604126519,2312.157113303395
2452.59941,-1371.278615838587,2403.435715742755
2452.60635,1449.2368560498007,2481.931823102726
2452.6133,-7161.6656541927905,2551.4533796526057
2452.62024,-4299.780430886967,2678.6226377909716
2452.62719,-27631.739803424345,2744.053322097573
2452.78691,9350.685678501643,2708.5466475651815
2452.79386,16720.8099174572,2509.7130649198607
2452.8008,-2534.5627158809916,2323.0465382523194
2452.80775,-10399.273985597225,2268.1251763256705
2452.81469,628.722250265097,2227.0583748322097
2452.82163,1835.619189085902,2197.9250748422673
2452.82858,-1036.4496592248597,2159.124317814737
2452.83552,-1419.9061668879406,2132.7255339897706
2452.84247,8113.072238063982,2120.0301501168947
2452.84941,2830.21123220607,2100.350564986346
2452.85636,-3290.211654691349,2079.3223809727797
2452.8633,-774.9687578028169,2067.818460364916
2452.87025,-7764.602777676153,2068.4820150426854
2452.87719,-521.7339646228045,2052.550517985383
2452.88414,-6910.173504450888,2058.1707107964307
2452.89108,-1220.6445757514139,2044.6344050238604
2452.89803,-1435.8857795214037,2041.596205146168
2452.90497,-1366.0081257771503,2044.2229591928578
2452.91191,4984.966886324751,2046.7249691532056
2452.91886,6049.296639193149,2052.779460073258
2452.9258,-6739.734296531117,2045.7839375035473
2452.93275,-8692.505164660335,2050.895195407712
2452.93969,-3033.9506119074626,2058.497666095003
2452.94664,-3572.7902404036354,2073.6893992722075
2452.95358,-4721.921337648302,2070.1293707711447
2452.96053,-9425.182113076416,2065.7845027957596
2452.96747,4803.08843603348,2084.4622566379285
2452.97442,5436.084167111947,2095.7744487298933
2452.98136,-1608.80068583373,2106.7589517345423
2452.98831,-618.2120892694383,2098.4885236370224
2452.99525,2916.511078022893,2110.741957032572
2453.00219,3143.9883139125222,2115.9002822432635
2453.00914,4058.06098445382,2119.8152548421035
2453.01608,2863.86257431479,2127.136998921643
2453.02303,-10361.909882101896,2121.81472434033
2453.02997,340.8382671125916,2120.678504884984
2453.03692,-4606.18073435814,2135.5373076267074
2453.04386,-7438.57823771106,2145.0821171172197
2453.05081,-752.6421870216592,2136.1026394398527
2453.05775,-1013.2191655390568,2134.5349522035112
2453.0647,1825.6419683717247,2137.7082740369137
2453.07164,-5634.215513930036,2145.2422927171615
2453.07859,2646.733436935538,2138.5242471193396
2453.08553,4293.56691746357,2145.79158600492
2453.09247,-854.0101750259408,2142.833264273272
2453.09942,-2928.349082162834,2156.3508060194094
2453.10636,-2795.611730214187,2158.0772012782063
2453.11331,1153.8423354568292,2158.234546550139
2453.12025,1179.9459265531066,2153.962638141219
2453.1272,1919.3206889630924,2155.9747917020068
2453.13414,-10301.273249308473,2147.3267768826345
2453.14109,-1053.6044869440216,2141.752917589371
2453.14803,-677.7212032454679,2153.741348421666
2453.15497,1048.5146137403729,2152.0480784832757
2453.16192,-3569.587147712652,2163.1260871392
2453.16886,-3118.7954594735047,2153.669227470907
2453.17581,724.0931925252215,2156.24514044039
2453.18275,1535.063932262083,2170.200963720138
2453.1897,-231.12657696343442,2167.116535151625
2453.19664,118.64231846162,2179.171531105623
2453.20359,4464.616532790709,2181.42730252915
2453.21053,-5005.21452876949,2174.768274511673
2453.21748,6657.426575958132,2154.2690473549824
2453.22442,-7747.776477660013,2178.5593416398774
2453.23137,-3483.5744229483435,2172.241630214947
2453.23831,-1919.0937385875209,2178.3252630307998
2453.24525,-5775.170251532767,2164.6492229161336
2453.2522,-1543.8669861601945,2167.5922399111378
2453.25914,-2149.9826728251255,2163.831048467478
2453.26609,1215.9320796156912,2170.2075678188266
2453.27303,-1502.9191632700933,2157.157344675137
2453.27998,3470.590660099394,2163.8885984703365
2453.28692,2228.4012082322456,2155.545734941168
2453.29387,-5535.115142796135,2148.734498172961
2453.30081,-5862.711038941285,2146.321171823576
2453.30776,1093.7299423069344,2137.9372161247884
2453.3147,-791.1017322836066,2137.4738809469463
2453.32165,-1730.4820427887491,2143.5259608468423
2453.32859,-3508.383296220746,2140.476963791929
2453.33553,3104.0294285943132,2123.144454369952
2453.34248,7522.195666363675,2124.8318539983966
2453.34942,-2800.6036950341017,2140.020652020629
2453.35637,-7413.30456168333,2124.525549611597
2453.36331,1420.2199139891356,2129.705678830658
2453.37026,3410.5956731484107,2129.0083698707017
2453.3772,-2343.4739589391406,2122.2123330121753
2453.38415,-8461.359404362613,2127.1265162253117
2453.39109,-567.0395492047788,2116.0367669494967
2453.39804,-7021.4765727300955,2124.4087723744665
2453.40498,-3457.0255269119125,2128.1967995207347
2453.41193,-1045.3329057499056,2129.717838758402
2453.41887,-1530.4362411396799,2126.15340752488
2453.42581,2065.734081026406,2125.3870175961006
2453.43276,4093.072141930633,2125.559353123787
2453.4397,-443.3121795798221,2134.428972143602
2453.44665,561.5714603174978,2133.295268535375
2453.45359,-607.081142997041,2134.140697994492
2453.46054,-6632.913734030126,2131.8120718314635
2453.46748,-1946.8060042627958,2154.5905516514626
2453.47443,-3539.9054978776217,2163.978120697006
2453.48137,1067.5444813523093,2167.515821054883
2453.48832,-6119.796126483773,2165.0627652864023
2453.49526,1308.7747003476763,2165.0346716602344
2453.50221,-993.8028009133865,2181.7736508159346
2453.50915,1615.549236077876,2174.1423527137326
2453.51609,4593.59751533601,2175.163052855509
2453.52304,3615.9547342599467,2195.3656197060245
2453.52998,-7068.521551114317,2200.4041276976495
2453.53693,-3072.6117394198604,2212.272007522135
2453.54387,-3269.441030526642,2201.3788088025312
2453.55082,-2115.487054353885,2206.8794988754025
2453.55776,3166.151983592692,2211.26273351936
2453.56471,-5591.078904045965,2205.5882403413166
2453.57165,-4353.459593298361,2206.2652128703903
2453.5786,1571.645921784136,2208.14612307311
2453.58554,2167.263502554189,2203.99319326755
2453.59248,-6010.8825888332785,2208.01037215562
2453.59943,648.66872484424,2206.673828373383
2453.60637,1646.9460646866291,2217.0504398177814
2453.61332,1421.02980710769,2226.118181798258
2453.62026,-7836.277689706402,2219.256313606771
2453.62721,-1996.7571005509358,2225.435024478349
2453.63415,-7546.643620401391,2236.623101445751
2453.6411,-135.21598549617624,2239.089889546426
2453.64804,4510.264796715753,2240.987362409349
2453.65499,-1488.3217989748714,2228.587380919089
2453.66193,-6469.176533182791,2244.033005001437
2453.66888,-5434.274329590353,2251.5219480874603
2453.67582,-2906.327557844916,2279.5841261662727
2453.68276,7327.23240003082,2278.129337569419
2453.68971,923.9832213068083,2277.515051564407
2453.69665,-4952.971600582444,2264.2245650208047
2453.7036,-2655.621715154823,2280.6610135603846
2453.71054,3184.7532137516423,2258.9559618447074
2453.71749,-455.8431947742238,2280.0922224574497
2453.72443,2431.6758900052723,2281.808449500805
2453.73138,-1668.475740892684,2278.924869393999
2453.73832,-4793.07190520806,2288.993289566258
2453.74527,-2339.760463763788,2304.0074458676118
2453.75221,2394.7366501922493,2291.391206352037
2453.75915,891.5169480183384,2309.743996607936
2453.7661,-2494.1575821799606,2294.151195469097
2453.77304,-3693.293342291019,2293.3767338641433
2453.77999,-3410.592318685584,2289.2602838418156
2453.78693,-288.26356158666107,2308.8674335407154
2453.79388,-1757.7190230123642,2291.5511722980523
2453.80082,-5656.05338140823,2307.24869557324
2453.80777,-6761.819765296656,2299.091899903952
2453.81471,-4028.98691169815,2309.76055926814
2453.82166,-6688.015607987599,2309.2699690798363
2453.8286,3449.069055569515,2310.537641547177
2453.83555,-582.6260607258189,2319.73914273284
2453.84249,4354.148306447326,2320.500710621307
2453.84943,-713.8086191546117,2315.7592822437095
2453.85638,-172.54622988235576,2326.80458488708
2453.86332,1138.3232276731987,2324.781529322108
2453.87027,2509.2115727273726,2316.9184588040216
2453.87721,5582.832690976971,2330.5138869839
2453.88416,-4415.967701867804,2340.7300083474674
2453.8911,5136.809476471955,2342.3588097034203
2453.89805,-5857.916672947215,2339.2309827720956
2453.90499,-1125.018065354733,2329.1711584108275
2453.91194,-9213.223565662563,2337.890979700069
2453.91888,-8998.826638255096,2337.771476961893
2453.92582,-3187.335311511961,2331.39642518803
2453.93277,-5585.693418805775,2334.2769653129
2453.93971,3042.8657258293556,2341.434760021819
2453.94666,5326.804993013418,2356.5320441050785
2453.9536,17857.394170636002,2358.3576056711695
2453.96055,14905.452941763939,2374.455358292286
2454.0161,-14333.567975833956,2363.8775839052905
2454.02305,-12093.403295432685,2376.9894453034076
2454.02999,-5690.102751496648,2371.053618505825
2454.03694,-3543.2705482269225,2368.8862162123714
2454.04388,-2882.109594164707,2366.124445036935
2454.05083,-712.7520681913828,2360.810242131797
2454.05777,7377.928920855079,2363.067585959773
2454.06472,15788.502596647657,2370.836941172658
2454.07166,8776.088943857725,2370.237330942509
2454.07861,5200.662619807665,2367.11537432113
2454.08555,5278.418753633611,2381.2563220180878
2454.09249,-4609.396301457758,2387.1821902541556
2454.09944,6137.332629176356,2378.9700459482374
2454.10638,-691.6523921888376,2380.382484451913
2454.11333,-11408.5117182427,2379.3975303046273
2454.12027,-1895.9624112090112,2383.19551601241
2454.12722,-9811.827142482582,2396.338930326484
2454.13416,-6545.221576486584,2401.25814523386
2454.14111,-9412.203277094744,2398.7441849996944
2454.14805,-4638.269525751722,2412.27304805787
2454.155,576.4380202545058,2406.4567239984635
2454.16194,6452.069821039788,2409.029282505121
2454.16889,7602.671850233659,2410.7594515345972
2454.17583,8897.054961615095,2419.781174478179
2454.18277,4673.920127704741,2435.538449122456
2454.18972,4230.819908244737,2426.6293103374724
2454.19666,25.38615535936593,2442.303876507695
2454.20361,-3355.7422390939882,2426.887918455964
2454.21055,-9355.492204423455,2426.670926641907
2454.2175,-7339.676304018711,2427.5319753185577
2454.22444,-16665.547658245858,2424.2860083995797
2454.23139,-3715.805456797241,2444.4119467399137
2454.23833,-7615.878894514464,2432.0611290954466
2454.24528,-10095.640170514836,2427.4201249487032
2454.25222,-4289.523112526818,2428.3103155211547
2454.25917,-5261.248306696915,2420.7102558540196
2454.26611,6909.213079813017,2418.346303004355
2454.27305,10263.096527193544,2411.6646323628024
2454.28,9378.485789172173,2406.4050443055507
2454.28694,8218.653116896841,2397.4305983224226
2454.29389,1111.065701364774,2398.3832657650087
2454.30083,-203.68486968046994,2392.7363420783163
2454.30778,20.86800841362461,2380.3038642294287
2454.31472,-12765.874554701526,2373.868641778625
2454.32167,-2971.4204896757237,2371.7936968668128
2454.32861,-6474.846413974448,2374.6295807053116
2454.33555,-977.518141816683,2365.218111112133
2454.3425,4416.25995944152,2376.390673688965
2454.34944,379.6893410825116,2367.003733605202
2454.35639,13334.077159064258,2369.0290953633667
2454.36333,5445.767348194032,2367.5274491139126
2454.37028,9207.849296907449,2367.661837280879
2454.37722,967.6608431485364,2364.9252245766374
2454.38417,-1757.5072725464724,2365.801158682078
2454.39111,-4263.943341766214,2358.6325667959386
2454.39806,-4331.090357943134,2370.091202155651
2454.405,-14433.102435422934,2378.3543971927024
2454.41195,-8083.149276559406,2379.944517399193
2454.41889,-2426.037142821718,2379.167225466229
2454.42583,-2732.306412588751,2380.402401574943
2454.43278,1006.099108536931,2372.0269368601835
2454.43972,1269.096646464182,2368.366798609157
2454.44667,-2248.0216709554857,2388.238007428641
2454.45361,940.8080537454622,2391.5072459334747
2454.46056,4691.519107267459,2400.2472988266354
2454.4675,-3674.2283576463733,2399.904305002676
2454.47445,-1786.1443216920923,2400.6148221600097
2454.48139,-4276.003788722305,2383.26291974982
2454.48834,-5631.019339818631,2398.3332633035084
2454.49528,-1385.6060507032785,2416.8042983740247
2454.50223,-3989.09857492625,2397.4945427700436
2454.50917,-6778.573629881147,2400.6096856388076
2454.51611,-6777.244319159379,2399.431849879026
2454.52306,-7290.8446548717875,2392.4585506255376
2454.53,-1521.0619851184777,2388.5740826730216
2454.53695,-6473.490057896145,2394.864014952674
2454.54389,-4773.157298025765,2396.508121045271
2454.55084,1158.376730581883,2424.1283486467573
2454.55778,2000.3004615648315,2397.73302411158
2454.56473,4013.780712400007,2441.264097858596
2454.57167,5538.964598542903,2405.190728762536
2454.57862,3525.2128458727475,2402.1526337118075
2454.58556,3910.2343152711246,2412.2704273837867
2454.59251,3387.8203381373096,2414.6752627491437
2454.59945,-82.13758641152845,2420.1007918893197
2454.60639,1550.1749486775368,2433.183616218599
2454.61334,-1242.7409465211376,2441.2084347410773
2454.62028,-1605.7064035306657,2451.0656285822615
2454.62723,-5284.348290813395,2456.186425740087
2454.63417,-5422.807622554466,2463.840995428145
2454.64112,-15067.163837410437,2470.2964494828684
2454.64806,-5783.351471884507,2478.425570833842
2454.65501,961.225830351658,2490.2506812572956
2454.66195,-3275.398032370814,2501.160861944956
2454.6689,-854.8665064892426,2514.650100410999
2454.67584,8162.1897503398595,2524.7985035562665
2454.68278,6187.442852794806,2534.8974283748494
2454.68973,547.3980162619125,2532.036176411229
2454.69667,470.6535674588965,2534.99743329785
2454.70362,-5457.452619448427,2537.8357281565045
2454.71056,-5574.957879838993,2540.3326015956504
2454.71751,-8770.153117060143,2535.529220482735
2454.72445,-1746.1513676108068,2529.9354440664424
2454.7314,-6632.454172622963,2522.306137676543
2454.73834,-2963.8184382962863,2504.210697615576
2454.74529,-14480.754676405628,2502.180199336209
2454.75223,1012.2717394446356,2491.6334537303537
2454.75917,7204.383270704499,2471.1947117314944
2454.76612,18864.35548094618,2451.6982593058533
2454.77306,14376.205923853548,2439.693160986392
2454.78001,15659.569520024588,2421.2455023286943
2454.78695,7758.01062926127,2410.2271402148954
2454.7939,6691.092593841718,2387.220556922728
2454.80084,-6425.892746242229,2383.468799905766
2454.80779,-9158.068963742546,2376.0505101930157
2454.81473,-10835.781322853602,2348.992784076665
2454.82168,-18830.399302028145,2340.4563051462574
2454.82862,-10828.731814397785,2328.615365851344
2454.83556,-13136.80937676994,2325.657148946659
2454.84251,-7569.142841191125,2318.7095322991827
2454.84945,-2406.5145884822123,2313.372267462116
2454.8564,2579.8774204087736,2300.7166130083356
2454.86334,12008.646502515825,2289.6630290348635
2454.87029,2931.614337243061,2312.4633128632313
2454.87723,7396.9208411062955,2270.670479821866
2454.88418,6834.403317444901,2258.564537963698
2454.89112,-1276.66546769625,2292.228354481052
2454.89807,-11585.699161925728,2294.493769985203
2454.90501,-6547.435417124786,2314.3521899151633
2454.91196,-17067.41775580356,2310.659135997656
2454.9189,-45276.22055783768,2381.511680500718
2454.92584,-60853.09554579466,2431.805351304964
2454.93279,-36641.09463291279,2460.9143314394173
2454.93973,-52476.95616469978,2490.214620781916
2454.94668,-48691.58575298985,2523.946365171497
2454.95362,-24796.634200301203,2540.853486776351
2454.96057,9712.016149364383,2605.1461695692296
2454.96751,-8312.677556813213,2719.584717148083
2455.20363,20216.280523510122,2695.6456980172493
2455.21057,13459.045365453949,2573.606671463408
2455.21752,22336.148925622627,2526.9980877274566
2455.22446,10398.299199665378,2483.1653219800264
2455.23141,3136.3302849346755,2470.6100917571
2455.23835,5424.700168550113,2403.4159034466884
2455.24529,-3006.3664447813558,2398.6048699654516
2455.25224,1814.8192133714672,2474.9292771264736
2455.25918,417.5301976069876,2488.4248052103153
2455.26613,-2569.2756406471794,2492.2810747096996
2455.27307,-10481.029058419625,2432.8943986268196
2455.28002,1664.3188276625185,2435.0395776040505
2455.28696,1641.785118801855,2450.7606869459846
2455.29391,2740.222630377237,2450.7646703705905
2455.30085,15825.739125728634,2454.228991854149
2455.3078,7278.9646151195575,2431.774951485603
2455.31474,8939.578019282897,2402.0921485539757
2455.32169,3457.0143104268377,2342.232283558702
2455.32863,7013.414016500825,2296.5704969553913
2455.33557,-173.76002129055382,2236.9513146678833
2455.34252,682.5137871811617,2189.6593639580965
2455.34946,2271.2733396878775,2130.761600832107
2455.35641,-4362.7141369274605,2054.5583736406747
2455.36335,-3598.9989729441163,1998.1571694729403
2455.3703,-4761.064459538011,1952.175346150636
2455.37724,-11859.003182058921,1898.1385141404198
2455.38419,-13224.197850600764,1839.79895459407
2455.39113,-2206.003145462108,1781.4249069767905
2455.39808,1823.6288713682675,1725.1685736723543
2455.40502,-738.7809176628192,1663.9806558788716
2455.41197,-5398.125485080708,1605.1040677994708
2455.41891,-2807.9517506814323,1551.5656879998064
2455.42585,-8673.738832034165,1508.6058163758812
2455.4328,-7791.288997034523,1465.0370049220721
2455.43974,-2538.9145024359555,1448.607474962071
2455.44669,-2870.302933286796,1447.1649511199248
2455.45363,560.5294803021693,1420.5613354086452
2455.46058,2965.0255207788323,1414.6588435853962
2455.46752,11926.554725487265,1442.7668310471765
2455.47447,6227.759512538801,1435.1615300318763
2455.48141,-323.82118202322255,1434.0862150422145
2455.48836,-4492.751041474208,1438.1781355551261
2455.4953,-20778.32286654682,1410.6842244444315
2455.50224,5007.7375041225005,1411.3486177379075
2455.50919,-4329.436083635097,1444.4090502544336
2455.51613,-1423.9428435911866,1462.0995437561235
2455.52308,-2379.9752316994436,1475.5009372269105
2455.53002,4011.3015547176615,1471.3771493171516
2455.53697,5801.141865482235,1467.350221521494
2455.54391,708.2283654165861,1462.1180981286298
2455.55086,-7093.4629256683465,1447.4124475803062
2455.5578,1781.8806946132743,1437.1685470714613
2455.56475,8573.502451098844,1397.936636743826
2455.57169,216.47711366744642,1414.130725344227
2455.57863,1745.517374136691,1426.3968428023372
2455.58558,5877.415850873902,1375.3194856203654
2455.59252,1360.5098467244354,1393.0002302144671
2455.59947,2031.9803229745296,1443.880198224521
2455.60641,-3333.1996199414425,1379.3091998440473
2455.61336,166.65076146564874,1394.4593167168168
2455.6203,-4398.677123231152,1381.022072424577
2455.62725,-2614.204791603898,1365.6473113694283
2455.63419,1801.3226370179927,1342.582444285659
2455.64114,432.18794223307725,1339.0256654204586
2455.64808,506.2545862582698,1352.5285313917325
2455.65502,-2741.4518313490416,1351.549866862245
2455.66197,2418.18256328766,1333.3172083063016
2455.66891,-1643.6198003137536,1323.4479593643366
2455.67586,-1758.943611597783,1298.7144566785557
2455.6828,-4143.517287696865,1275.0653889282446
2455.68975,357.064747244656,1230.5960090326164
2455.69669,-3498.406285160496,1229.602668728265
2455.70364,4630.000041096871,1234.4230318092368
2455.71058,2544.0400168071305,1198.4370884005793
2455.71753,-774.4246010362604,1190.7214045929106
2455.72447,-1113.8119581496408,1191.8067829710503
2455.73142,-572.7151954794186,1221.720310048929
2455.73836,-158.26093545691594,1220.7033836778323
2455.7453,166.68902330725794,1220.296969541069
2455.75225,291.21706127799666,1214.421627901318
2455.75919,-1533.0061789722542,1209.1706356550578
2455.76614,1171.5455130210798,1200.708793522529
2455.77308,-841.4244401566899,1186.342258200522
2455.78003,-4353.619244763486,1175.7923677857675
2455.78697,-4625.320775108519,1166.1658980908346
2455.79392,5036.907493549601,1154.0843809151181
2455.80086,-3286.0600876363133,1131.1115519051375
2455.80781,1143.5451828506216,1124.1453808851547
2455.81475,75.09101311068429,1110.7749113685447
2455.82169,71.21744716235301,1095.3188045898655
2455.82864,2273.858687084059,1093.457497029285
2455.83558,-1446.0234903164128,1088.2853346594359
2455.84253,3458.170027697361,1083.8150936359286
2455.84947,-580.7855089039743,1091.1035027411347
2455.85642,560.5319961492886,1098.5866803441759
2455.86336,1802.2533956252464,1106.805009440929
2455.87031,791.225742581205,1109.4030408996716
2455.87725,-8681.005541957966,1108.1075892870529
2455.8842,-391.20091405869726,1111.7950873755042
2455.89114,-3615.61782039986,1116.3328369633848
2455.89809,-3351.972347012373,1114.2888160057503
2455.90503,-2152.5642464506277,1109.1392962599766
2455.91197,-3727.8923201480866,1115.8080731850414
2455.91892,3663.8078237043464,1116.3905966201703
2455.92586,281.2271565012585,1112.898495991334
2455.93281,2081.427096742172,1101.316793776692
2455.93975,-4809.362434614709,1102.46318144748
2455.9467,-642.0465959178493,1104.6671683511297
2455.95364,-1327.7059257871356,1110.7543652837358
2455.96059,2571.9620412359945,1110.0667004044042
2455.96753,579.6355571164339,1114.8577119356482
2455.97448,-1390.8364968647295,1108.4297225453129
2455.98142,-108.56268180428614,1112.1552728214467
2455.98836,2154.5386623046224,1114.2573679167565
2455.99531,4081.1733381519703,1107.4027327857384
2456.00225,6181.4243175231695,1110.6042530722718
2456.0092,623.7495736064323,1106.0064376344128
2456.01614,-1780.280301364379,1096.588783250399
2456.02309,4126.469278653319,1092.7204586502332
2456.03003,2458.6427311444304,1083.2404322230484
2456.03698,-3241.648677051396,1062.2920215285628
2456.04392,-186.25382291297905,1039.2905747575976
2456.05087,-61.83669186942518,1017.104472107279
2456.05781,1406.8266970214872,990.59897443366
2456.06475,-107.05506041792285,978.5262627228617
2456.0717,-1054.3282122987328,967.2015962222629
2456.07864,-1654.3000954708693,964.2274456191547
2456.08559,136.48365796351672,957.5498632291716
2456.09253,-1685.055173410222,956.8626176576935
2456.09948,477.616803323907,958.3394199168429
2456.10642,-2831.5608793587216,956.8131393310099
2456.11337,-754.4519197162897,956.8992022678896
2456.12031,22.225307934597666,951.3543800434637
2456.12726,-1032.847385457582,952.7742612615343
2456.1342,709.5444679409774,945.3420295626632
2456.14114,-564.3114274845652,949.264025568045
2456.14809,590.5336827033133,947.3624644535523
2456.15503,1008.6872862611215,945.618877572772
2456.16198,-90.7155768194072,940.2273123687094
2456.16892,1496.4589920020208,944.8503911047266
2456.17587,2092.0571797838606,942.457401186224
2456.18281,2618.3384332482074,947.5502095448454
2456.18976,-4354.268857455135,948.5714338214378
2456.1967,-1866.2478457075003,946.472693188954
2456.20365,-586.4665013537434,948.8944056954043
2456.21059,-1303.8085229607366,953.4908583827402
2456.21754,733.3153446226577,954.0931941139349
2456.22448,-665.8532185940193,954.4577822923364
2456.23142,-993.3868475229615,949.5947546372965
2456.23837,415.1364738997418,954.4481382117118
2456.24531,-944.8456738913775,958.3656266576711
2456.25226,-2153.5109387563048,961.5271030442192
2456.2592,143.25002879142565,957.4997559407082
2456.26615,365.02509718469673,957.7882397437446
2456.27309,-427.5207313455055,959.6989208040454
2456.28004,-819.544012931391,957.1716475455394
2456.28698,-221.60535353966776,962.9182616743421
2456.29393,635.3027628870526,955.4163200448679
2456.30087,2377.5110642728514,966.1385459873086
2456.30781,-2773.0922778205336,960.238150703326
2456.31476,-579.5169978209271,957.0982686712204
2456.3217,883.2991430564019,952.189850941066
2456.32865,86.24743233516622,955.2420976318422
2456.33559,-1700.3168261719563,965.13199748558
2456.34254,-120.78655399618148,969.4036962405729
2456.34948,786.7674518315156,966.2403329686853
2456.35643,524.9389441991274,968.7108948400393
2456.36337,-87.60703804933208,968.6928646023495
2456.37032,-537.9840308216145,970.4275411912482
2456.37726,16.807955297560152,972.4844558653703
2456.38421,-265.7133948927572,971.4841969814404
2456.39115,-1197.9337093227518,974.427633284298
2456.39809,3569.8288786900516,975.9199499340177
2456.40504,-105.89294870263811,978.655095060773
2456.41198,-1450.9260377366215,974.880171284919
2456.41893,-379.0042968772633,978.1836882067557
2456.42587,628.8771845168734,982.2103015215235
2456.43282,1835.1026018106975,983.5991539584537
2456.43976,1846.5095574774966,988.4258066572241
2456.44671,-560.4913232875234,990.1785134838127
2456.45365,927.4819260343335,987.8137220184412
2456.46059,3296.842064947842,992.6610256289842
2456.46754,2122.9575478943657,1000.3758708209466
2456.47448,2299.9570368321715,1005.6532794619617
2456.48143,1294.7049301588077,1002.1975537893949
2456.48837,-59.428606868205485,1010.3436571084256
2456.49532,2949.255457245031,1012.3211129443567
2456.50226,-1955.7825467851899,1019.6436956396027
2456.50921,300.17421081217793,1028.3867885146994
2456.51615,-1222.4364878622814,1025.0851584782024
2456.5231,-922.3627012809571,1024.3570303910321
2456.53004,-3908.729838693661,1024.7963601942758
2456.53698,-1032.1939989952537,1030.214656273983
2456.54393,-1390.6452924836472,1038.434557775186
2456.55087,-1051.9443423260384,1056.717742927446
2456.55782,285.01057126114097,1065.6052873579877
2456.56476,-1067.6850543101118,1070.0244776503616
2456.57171,-75.48495283881346,1080.8676739084651
2456.57865,-301.6720832909533,1083.7564953634367
2456.5856,-3000.0783993870427,1087.7062705140963
2456.59254,-511.76827487459167,1091.417669150183
2456.59949,-7528.945369704416,1096.000808813178
2456.60643,294.0070309065645,1102.4238713362377
2456.61338,-3746.1938500189253,1112.6185031723255
2456.62032,1551.2397809708675,1121.9117279508873
2456.62726,-696.233435312566,1130.9567224803245
2456.63421,-259.6747328441652,1125.5659958919684
2456.64115,1369.3191902403457,1104.5913784566546
2456.6481,-389.9248554342916,1134.4407514329857
2456.65504,151.81931856134992,1142.5534149507198
2456.66199,-261.9666695700342,1143.7789469788088
2456.66893,2739.344075597713,1143.7765359586524
2456.67588,2245.990229233448,1146.1501328889422
2456.68282,-2299.541397922637,1121.4648506062854
2456.68977,801.7485876394252,1129.5565487313565
2456.69671,2212.753372937667,1129.3334769534274
2456.70365,-1945.945899028815,1132.1846655285697
2456.7106,1542.2813735131265,1132.6411869537965
2456.71754,-808.9110995616927,1135.8418686246237
2456.72449,-1700.1463775296102,1141.2602695312942
2456.73143,-856.9450155178065,1141.8392288496702
2456.73838,91.83135501690782,1142.599329160651
2456.74532,333.4205015346576,1162.1057401478067
2456.75227,-1025.3415652304652,1170.5972483109529
2456.75921,1105.1018857679874,1183.1071932857285
2456.76616,3.8338365292358656,1157.8249214470056
2456.7731,-1994.2668312104788,1195.4758315139586
2456.78005,-493.8602654240281,1172.0768808981118
2456.78699,-1767.0781839508497,1200.8942324206294
2456.79393,687.3421171113454,1166.695274255564
2456.80088,-496.77959152532367,1179.1094073858717
2456.80782,-228.53179514055503,1200.655122117313
2456.81477,1506.805308454022,1177.2148696779211
2456.82171,918.5776092896617,1197.9102280829698
2456.82866,318.0409184391968,1180.0701465046327
2456.8356,-188.5358010773334,1212.2781261554999
2456.84255,3381.7759106057365,1185.9988450687097
2456.84949,1900.3672402074114,1196.5608954112085
2456.85644,2692.654460619121,1200.3364481488425
2456.86338,367.70761917586935,1192.3534555847264
2456.87032,293.5045952714065,1203.3406840904213
2456.87727,-429.12898661664906,1204.1322324903958
2456.88421,-46.31056067925292,1228.727782892457
2456.89116,-1061.3710118288973,1210.9796345609452
2456.8981,-837.1135361174177,1218.0284092280187
2456.90505,2365.4935963717185,1216.4166946670855
2456.91199,5427.59611823859,1245.0815229579832
2456.91894,-692.2822974113833,1217.701663583373
2456.92588,2115.5532001677357,1249.7444359400592
2456.93282,35.71852982524669,1247.3005001173867
2456.93977,2735.7568969131516,1223.789908785612
2456.94671,4514.4967660516495,1228.4041820567106
2456.95366,1156.8534899779868,1228.8188775235758
2456.9606,333.13746873371326,1258.7243329252792
2456.96755,-2335.7389869702224,1234.437602757137
2456.97449,4692.6821624254135,1242.3171311084639
2456.98144,-1157.297117686726,1235.5795876954658
2456.98838,-974.5567801030992,1242.6073969698768
2456.99533,350.50750620855626,1237.3246421537326
2457.00227,2299.1120266809075,1241.1795489025942
2457.00922,320.0695298332238,1244.8209231271878
2457.01616,-3002.893213005916,1255.909099998553
2457.0231,-1671.0795378344085,1262.9780014425826
2457.03005,-2565.3711507446715,1262.560161166818
2457.03699,-831.6281507811901,1301.2406816674286
2457.04394,-2094.2087532058545,1265.649516602607
2457.05088,-796.0484118553699,1266.5108797601476
2457.05783,-341.67876970443314,1269.3620683352901
2457.06477,-1106.5222911208753,1271.5668938546462
2457.07172,582.1490980427457,1273.8365024373297
2457.07866,-2813.4087279106025,1276.7939855532713
2457.08561,2259.005230517465,1288.8523359700957
2457.09255,590.7845336265206,1297.804453810038
2457.09949,2442.489000924905,1295.2793819177614
2457.10644,149.9852660112306,1305.9703694251348
2457.11338,2457.506511689084,1309.1510291459692
2457.12033,330.4826210608551,1305.6640650383351
2457.12727,3017.185006703081,1318.992708596583
2457.13422,2094.635713427427,1327.3338948943385
2457.14116,2176.2839675742116,1351.1073922501018
2457.14811,-309.5202683802494,1334.2198732873876
2457.15505,112.92578967128779,1341.503041044428
2457.162,16.392001907134915,1345.8725433561917
2457.16894,199.18265643315198,1353.148268398837
2457.17588,2281.4526667873215,1355.9500834742591
2457.18283,-768.7606953815115,1356.997619318643
2457.18977,3208.621369855277,1367.1665685487194
2457.19672,2179.39072428591,1374.4620010604674
2457.20366,2644.698535923712,1405.1169692498568
2457.21061,2011.3611737718093,1397.3199397186572
2457.21755,3324.0176165709554,1377.9894283759402
2457.2245,-2462.065226669627,1383.1351743510345
2457.23144,3766.98051270902,1413.3934773112485
2457.23839,-1314.200019833926,1385.47952455856
2457.24533,-2465.381532480988,1405.8831495247093
2457.25228,1373.1496723067557,1405.8881812189484
2457.25922,3496.5612257792286,1408.2460541047412
2457.26616,-1651.0815932162793,1392.7829239195198
2457.27311,1024.5520085427938,1395.6481593077463
2457.28005,956.0130999470066,1402.7323654884192
2457.287,2658.1783399630567,1388.7287411134007
2457.29394,-1490.5659346054701,1401.2783106803086
2457.30089,-4276.91117091674,1397.3718290654972
2457.30783,1188.0374150242517,1381.6669679028766
2457.31478,855.5460996923982,1381.170612231591
2457.32172,6700.8869963318775,1386.165721860405
2457.32867,-989.4998637233263,1375.137610839018
2457.33561,2715.9062341784766,1384.3399506403875
2457.34255,-599.4560296856745,1351.4175752345443
2457.3495,195.57273029755237,1350.4199370246972
2457.35644,-8679.277050159903,1349.3883348787367
2457.36339,676.8365685020722,1353.5620204230322
2457.37033,-457.44421698489856,1413.8545062958979
2457.37728,-3607.8901863183737,1418.2981212707236
2457.38422,-1070.4892804056901,1359.0556870893615
2457.39117,-3456.081874588172,1360.5293445396117
2457.39811,590.3278025473671,1425.5609525968816
2457.40505,-1290.9828391724632,1429.5582143619217
2457.412,-1309.6758977512761,1436.472181554175
2457.41894,-1423.861497867656,1401.9105220960475
2457.42589,1822.5527177629,1409.260674282645
2457.43283,210.6942294093377,1415.7303848043787
2457.43978,-110.34819947039144,1424.7876440885236
2457.44672,-3364.0450587231708,1476.342173607495
2457.45367,1228.494542899087,1438.069534821134
2457.46061,-4378.453381334047,1452.6905900100646
2457.46756,-229.00970126629784,1454.6966636069797
2457.4745,763.2778258924031,1460.7748454207408
2457.48145,5288.619255779644,1474.2271847956977
2457.48839,4873.858691370342,1480.2809419270068
2457.49533,-319.95453465446974,1497.9445997260887
2457.50228,955.7658131405523,1502.0875709701336
2457.50922,-2476.9698387943185,1519.5222866813401
2457.51617,-1439.8802109584353,1525.7185036557912
2457.52311,-2737.6798427281597,1541.1687401245251
2457.53006,730.3202286268871,1556.5517825097756
2457.537,-696.387426121673,1573.5677145025481
2457.54395,-2646.915311716886,1581.6061605302568
2457.55089,-875.5166844731033,1593.7867391863037
2457.55784,4598.229189883018,1617.130445992485
2457.56478,947.625055996651,1642.3547485204958
2457.57172,3114.1990067861684,1656.0258617678865
2457.57867,1264.5533410472456,1674.93381562149
2457.58561,-3131.8701072996455,1696.6046937471267
2457.59256,-49.84784172927673,1711.0669360866384
2457.5995,-2298.9827750351433,1734.1829587285042
2457.60645,-319.9455195356247,1742.266061042584
2457.61339,1034.1404260500437,1765.9869352627643
2457.62034,-4391.280952007661,1779.3733384777975
2457.62728,4343.4180088287085,1792.8757851412179
2457.63423,562.7790669348603,1810.9680803932854
2457.64117,2828.929198444757,1831.9107256047887
2457.64812,2036.0955150732977,1850.8207759976585
2457.65506,-6130.694461724579,1868.4247872546152
2457.662,3640.7130809360324,1879.19366119573
2457.66895,1095.7693508781836,1897.6413198534278
2457.67589,2994.2097666729433,1908.8645138535398
2457.68284,2543.921981646441,1937.4713728337254
2457.68978,4252.726542210865,1955.5876734603914
2457.69673,-1446.970077795127,1978.1133106448801
2457.70367,5180.83795415989,1992.4900141823284
2457.71062,3251.054590815519,2025.9921875222542
2457.71756,1857.6989971954215,2055.339229690391
2457.72451,622.3424812778852,2080.2490513284642
2457.73145,6085.151968205519,2122.124697670846
2457.73839,3664.868358092181,2220.3935813317503
2457.74534,334.64173565725065,2263.670240038807
2457.75228,-1685.9423240007377,2307.1675595036368
2457.75923,361.804183909951,2345.9994501392707
2457.76617,-5744.493479335008,2346.182582844178
2457.77312,3497.119639012795,2490.735086654764
2457.78006,-6110.308133207376,2567.0519462744273
2457.78701,-4412.004299211913,2700.261543692798
2459.62037,-9711.004464341451,2715.75696058272
2459.62732,-1931.7291614373817,2523.1605822545052
2459.63426,-6668.103621479387,2422.005707466638
2459.6412,180.1448219720041,2503.161484539779
2459.64815,-446.67838302572,2481.41680823197
2459.65509,2575.72973195138,2435.2362329872253
2459.66204,-3825.29952617056,2412.148828106344
2459.66898,321.0829969145311,2401.1132743705616
2459.67593,-4035.570569129005,2374.294448903601
2459.68287,9028.204080242593,2369.259505028728
2459.68982,4596.787609483542,2364.530970367618
2459.69676,3260.933798318999,2351.5027608862247
2459.70371,-816.7832900255875,2384.464236749384
2459.71065,-2364.20380541512,2357.797934514043
2459.71759,-815.5800861406839,2347.010506200422
2459.72454,1805.4795502481581,2306.9647193296264
2459.73148,3533.8515310923863,2296.876801342191
2459.73843,-8688.786952271632,2292.6383327345684
2459.74537,-2407.1811831419172,2254.3735559704555
2459.75232,1246.2488760214337,2230.54743547911
2459.75926,-3539.7623042457362,2225.719734510706
2459.76621,-4456.946343885119,2223.840711193326
2459.77315,-7213.23947187301,2200.508849833999
2459.78009,-350.2962798774806,2177.7185245671462
2459.78704,-4595.339949120193,2173.8432813874015
2459.79398,-5799.91109210598,2155.80685890678
2459.80093,-2561.060037051472,2139.1532088992158
2459.80787,-11945.90504912605,2117.9313046574475
2459.81482,-7177.792968017559,2082.6759003561165
2459.82176,-11074.216855007051,2054.4436929428107
2459.82871,-11370.053011596461,2043.2415691623244
2459.83565,-8823.211808675685,2036.541763456119
2459.8426,-4671.226494055458,2033.9308382808892
2459.84954,-6206.42366138791,2012.3236949489467
2459.85649,-7024.388875424848,1992.3535294760952
2459.86343,-8410.69779091714,1983.0804314744896
2459.87037,2206.6003446721015,1970.0714053273823
2459.87732,-1090.8848336956635,1932.711180429695
2459.88426,3722.80695450386,1887.3911297267844
2459.89121,1303.1103753850741,1839.0886470906632
2459.89815,-2029.4274719369744,1866.7766977374129
2459.9051,4417.786030373427,1869.192330279991
2459.91204,-1440.0603036814066,1818.078702968713
2459.91899,9823.57803541601,1801.7782150005498
2459.92593,464.73849640005074,1774.3511834924486
2459.93288,5761.564864791373,1742.436719338857
2459.93982,5253.053773320833,1722.629874274847
2459.94677,2029.9811679571928,1720.5007338230025
2459.95371,5352.672618615279,1711.5525994076663
2459.96065,-295.68960849469687,1682.7597773945638
2459.9676,-1766.3449193424772,1675.233830390491
2459.97454,785.5595307332635,1682.971003725639
2459.98149,4186.028919225665,1677.4600406103632
2459.98843,-4155.7758576136175,1660.6848961523199
2459.99538,2984.953021677615,1662.8763038203722
2460.00232,527.183394310616,1630.6637117831192
2460.00927,1378.1311544303392,1627.3886029683401
2460.01621,-2520.1497422142374,1617.550487634479
2460.02316,2325.0345816115446,1618.8021215764325
2460.0301,3694.3077528149965,1596.0040391142943
2460.03704,5575.463774763941,1582.9931260818473
2460.04399,-2721.3786209712534,1579.686778832001
2460.05093,-165.10613616123595,1579.6460011432725
2460.05788,462.229882341014,1579.5623492265488
2460.06482,3578.326886124923,1549.56590402069
2460.07177,745.9278103675533,1531.7929116988728
2460.07871,1319.2269968595867,1524.3293367379713
2460.08566,7356.887109336281,1511.861741856374
2460.0926,-1554.6289415217307,1505.769093921676
2460.09955,-113.58179680769877,1491.6643115270606
2460.10649,1951.1398654070335,1470.5960836135087
2460.11344,2459.0544914563234,1458.8416265633277
2460.12038,1968.5501564357885,1448.1030476146102
2460.12732,-655.491492578411,1431.9426084694328
2460.13427,2492.0503505634483,1421.3339101282597
2460.14121,-4528.753442716106,1399.9157698111699
2460.14816,-439.31523229567176,1382.7505642226402
2460.1551,-1189.3255287494385,1366.9738965901506
2460.16205,1279.4129824046763,1355.3999515707942
2460.16899,1486.3164591666994,1328.4251435824242
2460.17594,-3635.8983785110804,1318.640385172889
2460.18288,667.1302206610948,1309.0912777768808
2460.18983,-1091.4121133211274,1290.924450553898
2460.19677,-2456.6759676587576,1271.4409966717076
2460.20371,-47.68096357064005,1269.9434386738224
2460.21066,864.960294786623,1252.4825162217874
2460.2176,-3107.1915339426414,1244.085142671696
2460.22455,2673.416930792863,1229.6550822099214
2460.23149,-301.4502694365835,1209.270221270205
2460.23844,-802.9723376091378,1192.5946624273088
2460.24538,811.2139382917462,1181.5547059590674
2460.25233,-544.7512402652299,1170.3799420160055
2460.25927,-1809.3370776711029,1165.542492140014
2460.26622,1143.4313407684638,1158.5914162027482
2460.27316,2965.487807687041,1148.725836204499
2460.2801,368.6356522820764,1097.9010071771474
2460.28705,3601.6343228017977,1111.7090244386245
2460.29399,-1326.719818543253,1081.2660163690534
2460.30094,381.3811434434157,1078.8686237180918
2460.30788,-1668.560545906004,1070.4132808572883
2461.2454,1534.5400070994458,737.8535135183917
2461.25234,-227.9969679737337,741.9048659965013
2461.25929,1162.090435411163,740.8917133960839
2461.26623,-511.6551665811774,739.6603110580494
2461.27318,-712.9631896954949,741.2792586794509
2461.28012,2717.2104912560135,744.3281509074011
2461.28707,4600.225724226272,738.2697813897064
2461.29401,-368.91941887176387,740.5196825032872
2461.30096,-1243.0532260448456,741.2108066724078
2461.3079,-842.3512153393375,742.2594956133881
2461.31485,1587.2368360376356,742.9657148652259
2461.32179,1518.636813322238,743.6584114387963
2461.32873,-456.16061081913466,742.408245074329
2461.33568,-1718.8711986783064,742.8120385370095
2461.34262,-503.05474320314926,740.9554481897779
2461.34957,-1629.1617510527747,742.1526769377725
2461.35651,-1978.5907974627696,740.9371034711984
2461.36346,-913.4338550268703,743.2649958454837
2461.3704,-178.47419465768948,741.4556824587063
2461.37735,-694.5086124582187,741.8982618978125
2461.38429,57.93461298707271,743.6775947730825
2461.39124,143.8866429396237,740.282668739237
2461.39818,52.716431580329285,741.7934349344999
2461.40512,-1327.1770737572228,740.854499824108
2461.41207,1575.1956772427945,741.2153142318302
2461.41901,-1649.3872750082558,740.9921376269375
2461.42596,-2368.9760529199307,741.6933251845362
2461.4329,2175.298279638182,742.4199856942199
2461.43985,723.5500840282988,744.2937676634347
2461.44679,-1645.38382845238,746.2192293255625
2461.45374,3252.13462301853,744.5279510994752
2461.46068,1060.110467595062,741.9032935920516
2461.46763,-333.28978231140655,742.7491423590219
2461.47457,-934.905561922213,741.7576889400102
2461.48151,2233.439821050834,742.8185378087348
2461.48846,3186.749957748823,740.8018766885249
2461.4954,72.16571187247976,741.7306435834755
2461.50235,2735.5583546446373,743.1431869141144
2461.50929,505.0247563246851,743.7400716432169
2461.51624,2311.1895604320184,743.1066023039181
2461.52318,800.273567438652,743.1628943832171
2461.53013,738.31831627372,744.6482924533583
2461.53707,-979.0632912559125,746.8605606871097
2461.54401,-126.31963560071628,746.0402896991877
2461.55096,17.698041043048335,748.4873703307596
2461.5579,-73.48737022592644,748.2919728711448
2461.56485,908.0398788026515,749.984928328645
2461.57179,1095.9727151870102,750.7889511372535
2461.57874,-1059.8134928079971,751.1822619036028
2461.58568,2320.626607804246,753.3018631017858
2461.59263,-1693.5748800264996,751.418332224983
2461.59957,726.8670188014396,752.6394615206128
2461.60652,-949.3844717488913,746.5786809827619
2461.61346,-2154.2755466267076,753.7796644005651
2461.6204,1479.4920142011154,757.6910728826523
2461.62735,-1362.662153935172,755.1283681105465
2461.63429,-976.9255549930765,754.7361056138303
2461.64124,-512.6800598014858,753.4940109255381
2461.64818,293.09639907626695,754.7042382169833
2461.65513,2377.293653150941,754.5443770979314
2461.66207,1896.5980819145395,756.2641682580398
2461.66902,544.808266133272,754.762836489475
2461.67596,568.6227508316904,754.2595622386108
2461.68291,-580.3964960431209,754.6839017861006
2461.68985,1144.082106556709,754.5619880277679
2461.69679,687.0798400491368,753.8679287036745
2461.70374,754.2493940231694,756.5970986935209
2461.71068,2845.378226219933,755.4533316968159
2461.71763,-1134.9009418019286,753.9103836238162
2461.72457,-38.24632721856927,753.6872070189233
2461.73152,197.88657585875387,755.1555182940444
2461.73846,1117.5393953111143,754.7275098028388
2461.74541,2988.027910992467,753.172506629058
2461.75235,1606.2591561082136,755.383621766213
2461.7593,454.020358709179,752.777308977369
2461.76624,-1699.4513747628469,752.4785521319278
2461.77318,-2453.934113606351,753.4311147475504
2461.78013,1811.7796507432522,755.4987217719303
2461.78707,880.284529245455,753.6094254121454
2461.79402,-12.316119919610433,754.578760341898
2461.80096,-2726.4806541026464,754.0189843578081
2461.80791,1975.4800573264647,752.8695567050842
2461.81485,462.9303361098696,753.4639255870673
2461.8218,-206.63302319667656,754.5694307421631
2461.82874,-1165.00410085644,755.3354013630891
2461.83568,994.6545199903021,755.3700990879456
2461.84263,-1128.124926893395,754.884855074771
2461.84957,695.7414823737395,756.6681713746469
2461.85652,-109.82050053707543,755.3264910712076
2461.86346,-1836.346897865219,754.6178607992136
2461.87041,-537.7164075842771,757.1336030917554
2461.87735,-710.9850000708207,756.9737419727035
2461.8843,436.1060596408165,758.3907928627647
2461.89124,-613.8317897804532,760.1270418561131
2461.89819,521.8938257418565,758.9702763159574
2461.90513,2697.044194534804,759.2439795171668
2461.91207,-151.34937928481895,757.4089835243778
2461.91902,1373.406288712945,759.8725219891899
2461.92596,297.2473371695237,761.9325814722113
2461.93291,237.11785722460937,762.6611288672347
2461.93985,141.65812652655882,761.371023429745
2461.9468,1734.7838268822127,758.9529798670108
2461.95374,-363.88940186416676,763.6656856566603
2461.96069,978.2039198106751,760.2421418618305
2461.96763,3916.8802399181873,763.7476603419708
2461.97458,-1947.6642226114368,762.7931060140454
2461.98152,-3100.1253579996574,763.2263558534167
2461.98846,-1429.8805572741085,751.5206433411762
2461.99541,-1166.764669705277,764.1572192876337
2462.00235,-287.73093578606915,762.0123547912922
2462.0093,509.3663746642077,757.7647662378612
2462.01624,-788.6244614866002,754.6678632607137
2462.02319,1176.2591622533992,755.7578540252393
2462.03013,525.2107605149973,754.2971951184401
2462.03708,159.59108479439092,757.3107606597538
2462.04402,2288.600188453836,750.7503748147544
2462.05097,-93.55177513879592,751.8710798795306
2462.05791,2290.2065568396397,755.0250087247202
2462.06485,-497.39670785834574,751.5735809576493
2462.0718,825.0719580147235,754.0526338130314
2462.07874,49.813772966200325,752.8763704576995
2462.08569,108.99456889313458,758.0598541395865
2462.09263,219.67748085738367,752.2869284429921
2462.09958,755.2594018146875,755.6004039263437
2462.10652,794.4657343632746,754.7330656318943
2462.11347,-886.5769773722271,756.3384905750285
2462.12041,319.7730791809756,759.9831144354848
2462.12735,-1827.0778881151828,756.9377863242871
2462.1343,-2269.521471476996,763.696085476021
2462.14124,-536.4083767360612,766.5645705001101
2462.14819,-2015.265663674318,764.120110542621
2462.15513,1064.6874224672215,765.2787629681163
2462.16208,1364.2896973675652,767.0721426564702
2462.16902,-621.8698165003086,767.4753071573709
2462.17597,1602.0762457911462,768.9521094165204
2462.18291,-264.0743204943997,767.8620138250315
2462.18985,2943.080310490206,758.8831651094445
2462.1968,-119.92162672188829,755.0181949721049
2462.20374,-909.5386947240967,754.385669075476
2462.21069,-221.07356635478237,750.5129417428512
2462.21763,-1314.1973991598431,752.3462605042272
2462.22458,453.8470797388231,754.3175315493227
2462.23152,789.4152760978315,748.4400933703057
2462.23847,1187.215781285807,747.7627015333788
2462.24541,-117.67319318579392,749.3126730129205
2462.25236,-853.0593944686943,745.8977250290824
2462.2593,-751.0573081633341,748.4573898192522
2462.26624,1132.4581590758526,746.4056116663324
2462.27319,462.2189803368295,752.1335665956657
2462.28013,-2714.650616811917,749.8960350637558
2462.28708,-987.7514548022334,756.7468964240948
2462.29402,-110.63290950274893,757.0434519033064
2462.30097,-1046.6565558156553,753.8537770636273
2462.30791,2016.546544339036,758.6913317665823
2462.31486,-28.95488449838382,771.7762526351281
2462.3218,865.4355802382829,767.8129548062011
2462.32874,-2973.9410540085782,766.6851215079197
2462.33569,1656.867202975434,767.5096904013374
2462.34263,1080.9819352984762,768.5203271546353
2462.34958,101.91916817737987,768.9919436625792
2462.35652,832.51037450443,767.4320136215227
2462.36347,2157.946796535846,770.7415056802683
2462.37041,-2710.197881891283,766.9851362769207
2462.37736,635.2848374763262,768.7257880027282
2462.3843,752.3594687016046,769.102536108874
2462.39125,161.30332841314078,770.8259962126984
2462.39819,-551.4442322188198,766.301769303085
2462.40513,-1663.6728839145853,767.058305497313
2462.41208,1107.6592443649645,771.1193020560473
2462.41902,-996.802529295543,767.3033909375381
2462.42597,-2117.4853707555153,769.7300303112639
2462.43291,1503.6513796088325,768.6158245182131
2462.43986,2502.433461279573,774.4971412948728
2462.4468,3.8794362582767996,772.6812238094067
2462.45375,277.641445394184,773.2707706510774
2462.46069,-1570.177610509015,770.1213493653103
2462.46763,-609.7346279193761,775.1339650969976
2462.47458,-770.0885385257935,774.9377290216761
2462.48152,-1224.3475882304356,755.520420953336
2462.48847,1154.332401510316,760.2620589848599
2462.49541,613.572238219291,774.5014392003686
2462.50236,-1345.1025893106598,758.6133405058777
2462.5093,1396.4131864860024,757.8019798098372
2462.51625,-823.2326641164386,761.7437881112852
2462.52319,-351.1026088792823,757.7091031203421
2462.53014,215.79972183051987,759.8975756334216
2462.53708,-394.2745454499892,754.1232871863042
2462.54402,651.1549059331275,756.623305434349
2462.55097,-868.8431903346892,755.6946433663618
2462.55791,730.0710549350925,758.3260097994375
2462.56486,1477.531854814131,756.7142952385045
2462.5718,2233.3905523780772,758.9076946188598
2462.57875,-102.92058015790616,756.5915428644653
2462.58569,3250.0151266473104,758.7844181100039
2462.59264,-1734.3801382464953,756.8047609078434
2462.59958,214.43152030536237,760.8336804158042
2462.60653,-518.5669324072011,756.7728935109963
2462.61347,135.5231284986824,758.4851371297461
2462.62041,34.857271494669334,756.63536053513
2462.62736,1171.2947669248358,760.7311596456843
2462.6343,1173.3052432542102,757.525026972765
2462.64125,341.88297262896606,756.0888975753809
2462.64819,-1294.806926794111,755.7627808925151
2462.65514,24.11544291008919,757.741913959859
2462.66208,175.42865689256527,755.1763788597436
2462.66903,1476.4221565805026,757.5925355371385
2462.67597,-555.9132153187674,761.9749315653896
2462.68291,-881.7107000813245,757.0527815030413
2462.68986,1351.5663246954848,755.9962305398125
2462.6968,-894.3677172856278,759.9836385703013
2462.70375,2154.8324922827887,758.8016097319872
2462.71069,67.37637757264864,757.2136908917263
2462.71764,3684.024332540983,757.3271136660306
2462.72458,-872.002255701081,755.2532170238519
2462.73153,-1786.547171712103,755.259611468614
2462.73847,696.9865122170045,756.5173253744399
2462.74542,2418.249757371144,754.389023538302
2462.75236,2405.0912479743524,758.16059285133
2462.7593,-109.01217982297113,756.78788376675
2462.76625,1612.0091246998422,755.5839460931036
2462.77319,-370.7080813467687,751.5751533620988
2462.78014,693.7546969380737,752.7972261003985
2462.78708,-198.64520859224797,752.6058120653894
2462.79403,333.26430935932154,756.5921718262452
2462.80097,684.5551874647134,755.8393045757333
2462.80792,900.5656114914917,751.0682101675186
2462.81486,908.9182239282487,754.302226812679
2462.8218,-113.31574597481118,756.5583127170952
2462.82875,625.0463879695737,755.5085755064817
2462.83569,-949.6542963524582,757.5769163196048
2462.84264,351.4850176414471,757.1670428930521
2462.84958,-958.5706681979108,760.3754817591642
2462.85653,-1098.6574385444121,760.5030561735158
2462.86347,-1202.0230091615806,757.6030182334697
2462.87042,712.986041973497,753.2878162887018
2462.87736,-515.7424747077033,755.8470617710185
2462.88431,707.9090624863358,757.4952561151842
2462.89125,-285.769518475525,753.9638453751055
2462.89819,1834.329817437156,752.589563886076
2462.90514,-1373.4780951828143,754.4311639775538
2462.91208,-51.726969873620625,754.4870367489993
2462.91903,527.6318440596677,752.0747586692472
2462.92597,304.2998856072762,754.1201423774049
2462.93292,-1913.931429952223,757.172703549071
2462.93986,-1630.0885262354225,749.7851281365711
2462.94681,-1746.4964579740317,754.3054764485418
2462.95375,499.3844367366814,752.8254245535296
2462.96069,2982.490845963326,755.4518641193296
2462.96764,-223.81468661844647,750.5342216164036
2462.97458,752.8413582519531,755.9351164202012
2462.98153,3216.879638025052,752.3540176995124
2462.98847,3626.105653252334,756.5681664516466
2462.99542,1470.9302719725495,753.33142430544
2463.00236,1405.3515719937504,757.4204096633789
2463.00931,-1235.1884782953464,753.9714977434274
2463.01625,1743.6879339729576,751.076072189767
2463.02319,-220.89284467003128,756.8123084492019
2463.03014,2675.4617903662033,753.7892036542266
2463.03708,-1463.8832793638528,753.119569012585
2463.04403,-2204.446569883878,755.0961862328095
2463.05097,-406.55848349186266,754.3812663430168
2463.05792,1598.8021852460004,755.2746017243677
2463.06486,2578.2973635907615,757.2065626582211
2463.07181,-344.08329058889984,754.1675241648221
2463.07875,-1106.6274325650775,755.2845602858824
2463.08569,-1969.8347060442222,751.7451826965921
2463.09264,726.7196320910219,755.2231316853812
2463.09958,-472.68333194952083,752.912745413969
2463.10653,1328.083512508988,755.3185242219957
2463.11347,-1118.248759371851,755.0360155558681
2463.12042,-1554.2441217394096,752.3752975730647
2463.12736,237.01187716470022,755.1532121008516
2463.13431,497.040820317899,757.1143149305058
2463.14125,112.79108702343103,753.6268266880553
2463.14819,2105.730494397481,751.6647804157312
2463.15514,-2944.7097408079385,752.5763556886985
2463.16208,2749.3767497754825,755.3891775952686
2463.16903,407.8206001301477,755.2111814115636
2463.17597,1465.7788653414364,755.4610888921011
2463.18292,1389.4829711144355,754.6015077929369
2463.18986,-1663.4194123172954,753.984076979025
2463.19681,1595.5733051220423,756.0377420172844
2463.20375,1622.7669918098093,753.6144571063843
2463.2107,-2469.3692549923676,754.3011785430459
2463.21764,-1279.5396133763577,754.2254934755342
2463.22458,1209.9900680272733,756.8364186507638
2463.23153,-1301.5251820458593,756.5961552508511
2463.23847,1519.0255117022014,753.6620485477283
2463.24542,-63.28330396314052,753.9202373583676
2463.25236,-1312.9102288773263,754.4756106099982
2463.25931,-2149.1708928212324,755.9148848162818
2463.26625,231.35059218403396,753.2524896020656
2463.2732,-516.6113854066024,755.3566812366416
2463.28014,1723.802154205573,751.8971817933955
2463.28708,-2602.94186818469,753.7636258751784
2463.29403,2039.5327912003206,753.6494693121308
2463.30097,1563.5174293949417,753.4035452561991
2463.30792,239.85132511995164,751.5521962571335
2463.31486,19.78860517239374,753.9493792541684
2463.32181,570.3526053802766,753.4667559150766
2463.32875,325.61319896105334,753.4669655690034
2463.3357,-1987.3346241266095,754.8095893151126
2463.34264,-748.0143910722927,752.7019383907472
2463.34959,-1221.1197563761107,753.6713781474631
2463.35653,3274.524928593382,753.6288184003582
2463.36347,-975.8636578547188,756.123490473274
2463.37042,117.35189854324048,760.2012593461385
2463.37736,712.1362097819208,752.1411141370241
2463.38431,-1680.7094668191305,750.2314813463565
2463.39125,-142.41099377707073,752.7051880266099
2463.3982,3262.808838211774,751.7958141198721
2463.40514,2888.908880659096,757.390953286688
2463.41209,-6.437528643996897,755.1929415199471
2463.41903,-857.0261515874105,756.9729033569969
2463.42597,1072.580054188962,750.6772055943622
2463.43292,797.4353774069604,754.0946694253199
2463.43986,-593.8283941602317,756.8532957918572
2463.44681,610.727548915874,754.2255983024975
2463.45375,2944.7840631249273,753.8779920921526
2463.4607,1145.1088866623572,751.7977010052118
2463.46764,575.3946774886548,752.2301122288767
2463.47459,219.96313433241082,751.7851217696142
2463.48153,298.4685712921168,752.1642808959162
2463.48847,-1347.9613254271608,749.161931839677
2463.49542,501.1693254410069,750.6669325519575
2463.50236,-1824.9746399232765,752.0566236045942
2463.50931,-979.8799981270819,750.9327737309186
2463.51625,583.7385892874566,753.5528188519565
2463.5232,144.8267311466121,752.7222748216299
2463.53014,1215.8498952764537,755.3355061900525
2463.53709,1224.156069368463,751.1185271099087
2463.54403,-315.05198723426105,753.7524093901038
2463.55098,399.7211448097911,754.0144767983857
2463.55792,1998.459804916024,753.6363659417167
2463.56486,1782.143810291189,756.9944977114394
2463.57181,-883.5235775848544,754.4284384765075
2463.57875,371.20915423140343,751.6259944393055
2463.5857,180.95450543663154,753.3165388766496
2463.59264,-636.2576316958681,753.5730504558758
2463.59959,844.1693341910332,756.0032539463544
2463.60653,171.8057322135147,753.383732960133
2463.61348,174.50995338609266,755.1912642885342
2463.62042,-106.19453587608875,753.4539670255525
2463.62736,42.86521287605397,749.9383851569341
2463.63431,825.4619143182467,751.9641662229523
2463.64125,-3959.973136958556,753.0344495183751
2463.6482,2029.7389128449772,753.4238816870818
2463.65514,2024.8802879223963,754.3792746307138
2463.66209,1586.9600928544903,754.5901864808991
2463.66903,257.7019942215833,757.2612823330703
2463.67598,3535.33609054682,754.0238063981205
2463.68292,3232.4326049178326,754.4913346544951
2463.68987,1791.4584197702668,754.7957521559554
2463.69681,2367.9710768226514,751.8575572012634
2463.70375,1105.873307391006,753.4166486266133
2463.7107,-1531.6937453915791,750.2068470099781
2463.71764,1145.9278997267195,754.7163981447276
2463.72459,-2448.9422536133993,751.0211428609912
2463.73153,-3282.19344026756,751.2236685541113
2463.73848,-769.1502323771814,755.0760594558535
2463.74542,-712.5281577977472,752.749844312981
2463.75237,417.10250359667174,752.3634521262104
2463.75931,985.3271216217004,754.0212905510009
2463.76625,-581.185318942049,751.118317455982
2463.7732,975.3962344253074,753.1248103607506
2463.78014,1720.6633204431005,752.8070798349498
2463.78709,391.2419014013525,749.7832412512314
2463.79403,1672.6218569456282,754.5743576094388
2463.80098,-350.77879838960934,753.1148517992359
2463.80792,506.98627846219256,753.4104638357778
2463.81487,-68.83525442107164,752.8437692721093
2463.82181,-176.98303110456612,751.8684592054478
2463.82875,2812.084239229146,753.9983334460355
2463.8357,916.2279129070073,747.7209804019805
2463.84264,2939.992737112793,755.2967202136267
2463.84959,3325.3717712830294,753.7004152163008
2463.85653,-1222.5451934232367,750.2842093089029
2463.86348,3280.1451214044296,751.3722083611256
2463.87042,-1161.948919010691,748.8747059602001
2463.87737,1750.7207749416075,753.1634915102131
2463.88431,-614.0685938905766,749.9166859755285
2463.89125,1013.1466252804444,750.8870691749142
2463.8982,1943.7404445476786,753.9764246107031
2463.90514,749.8249623826298,754.6313834774809
2463.91209,-554.6340118854624,753.7394108466532
2463.91903,355.38059725207404,754.8202816653704
2463.92598,-1091.2056042034014,754.2270658799838
2463.93292,478.88028271271503,754.4544355634091
2463.93987,-437.3510894840816,756.179782552573
2463.94681,1462.5248267462832,755.701457118977
2463.95376,50.38518474321791,752.1518064872821
2463.9607,-1901.519603015108,754.6062250062859
2463.96764,874.9889855397868,753.675361572069
2463.97459,499.2197535773171,753.9408882701401
2463.98153,60.26806119041369,753.3919094632715
2463.98848,-1588.7491746373482,752.2378694241618
2463.99542,1336.5486042773794,750.8667327440315
2464.00237,457.45606243175314,752.5059119693525
2464.00931,74.00091751919543,752.070984898568
2464.01626,2149.3564365462953,752.5287642473546
2464.0232,868.9448724891026,752.8318189982916
2464.03014,1978.6455171376188,752.7153562420513
2464.03709,821.5488286047466,755.8985318100049
2464.04403,353.184891678526,750.3726832659387
2464.05098,-1586.1144537414466,753.4596276815714
2464.05792,633.3789784563378,752.6143030494178
2464.06487,1857.0848160173728,755.1308839576661
2464.07181,1106.8732517940457,757.665809584494
2464.07875,835.7609538097939,752.4239372840419
2464.0857,-608.1936715586792,755.2584583720176
2464.09264,878.8985071365344,752.2891298092218
2464.09959,-55.33050156445835,753.6561782377828
2464.10653,665.8227139476952,754.5659714523739
2464.11348,551.1334202725976,754.4703692618326
2464.12042,1578.1640623629205,754.4770781874846
2464.12737,882.4734210663877,754.6218442238195
2464.13431,-293.7070161375634,755.8971690594819
2464.14126,1304.964030577333,755.4998748685268
2464.1482,558.2575655262929,754.6175463183237
2464.15514,-1131.82584283315,755.5977832522608
2464.16209,687.6157154855914,757.8454829996119
2464.16903,-1224.5990681154228,753.4995667545935
2464.17598,-2043.3046749942384,754.5421757317018
2464.18292,-980.5495279417602,756.5372424974694
2464.18987,1049.5264035902676,755.4754501860749
2464.19681,1036.7092107860221,753.927784899726
2464.20376,2402.877721817041,754.87342893577
2464.2107,-829.9293250137446,756.3492877522497
2464.21764,411.6460505023185,755.6718959153229
2464.22459,-855.3187300089731,758.6772849534983
2464.23153,1355.6518507636345,749.45156873931
2464.23848,1137.9044439547645,756.7540246576
2464.24542,1563.4486629070088,756.3007528682359
2464.25237,-1404.8665376345027,758.357353061468
2464.25931,1507.3990483742252,757.1882179396413
2464.26626,1441.6521011193095,754.2788503998603
2464.2732,-924.7848330952606,754.7747867632927
2464.28014,565.1582196942053,757.6939032106618
2464.28709,3106.256372602928,759.6121318123212
2464.29403,471.5102134030883,755.930713687742
2464.30098,-36.854329972739784,750.1275978257137
2464.30792,-1279.1134917704915,754.50034977334
2464.31487,357.575254555989,755.2841409780292
2464.32181,32.359769093743985,756.7088442364122
2464.32876,-1951.9642246465244,758.4293691852638
2464.3357,640.4670632346534,758.0570238115771
2464.34264,-395.1040412106826,775.2938262160494
2464.34959,-476.643694623475,759.5184165071196
2464.35653,39.00799993399944,761.3621131378635
2464.36348,1345.5057538115605,758.2938279217004
2464.37042,944.9577339151588,757.3488128474363
2464.37737,768.811221977828,779.1767217641155
2464.38431,-435.4635751826729,757.7801758014682
2464.39126,-1763.147172826623,777.5230764178576
2464.3982,-2118.745390854534,776.8259771118281
2464.40515,549.1142433052682,776.1257329968992
2464.41209,-747.6006390480974,776.5434684457002
2464.41903,-58.36125872775547,777.3895268665972
2464.42598,-658.9166087776905,776.2101187023658
2464.43292,-765.579721179787,777.9959508493612
2464.43987,111.85634499157159,780.3086433139662
2464.44681,247.91566340759852,775.1923537155628
2464.45376,-2106.4424791323013,775.3602865107897
2464.4607,-1856.2025922941332,774.7305909421702
2464.46765,-952.1638538541645,776.754589949812
2464.47459,141.7824513050477,775.4353426165216
2464.48153,926.7287443029315,775.6678488211492
2464.48848,-2010.3267412978396,777.0342682879303
2464.49542,590.9258403730661,778.1291859197318
2464.50237,46.07826412855187,778.5839252865821
2464.50931,1004.1054045216862,777.7381813465753
2464.51626,1681.1480628336308,780.2082190831127
2464.5232,-1390.2105750667893,778.8883427880423
2464.53015,8.334058064250474,778.3919871167566
2464.53709,373.8375855095064,780.9768103781215
2464.54403,1673.2860405851773,755.7687560294238
2464.55098,1265.0760082863233,773.8481575650038
2464.55792,-1462.8293490747064,776.4885391169245
2464.56487,-2701.8152889430194,778.66265033603
2464.57181,-4300.557408339042,778.7985060804833
2464.57876,-322.46576938758926,779.745408040087
2464.5857,-280.251112645854,772.406786819454
2464.59265,-578.9370950598814,774.8856300209098
2464.59959,-1291.4944995803926,776.2750065926564
2464.60653,2895.2521698630744,776.0517251608004
2464.61348,1778.6301153079103,774.7679093411097
2464.62042,-567.8581429612875,774.9854252899835
2464.62737,3030.9496256017464,773.9434452746551
2464.63431,2236.3855635468844,775.5040042774914
2464.64126,2959.1329875170973,780.4595941411366
2464.6482,3721.5371854972527,782.7578204848044
2464.65515,4908.673612771831,755.7880441906734
2464.66209,8043.705091631063,762.3560824039946
2464.66904,7634.826577787164,762.170538678931
2464.67598,8461.038214547021,763.7997593427373
2464.68292,8768.332167880437,757.9699126050641
2464.68987,13901.166396249648,777.9925963865352
2464.69681,14748.917772604038,759.4253301636978
2464.70376,13619.517206394092,763.1126185982225
2464.7107,13546.498203040246,763.9640231942483
2464.71765,14369.309672418094,757.6638178721911
2464.72459,10612.56886713939,766.3805991794962
2464.73154,11935.524873564898,765.6796212758242
2464.73848,7561.205867663903,763.7777456804416
2464.74542,7582.254807416205,761.966650235288
2464.75237,5175.411586404008,759.9239920281764
2464.75931,3394.360073070537,762.04044841746
2464.76626,3556.6120855016584,761.9078423088695
2464.7732,3713.273047017532,758.6926945171053
2464.78015,2048.7861817328235,765.4297137952866
2464.78709,-618.86306471161,763.1771920076231
2464.79404,-191.62054412673655,757.9627843715589
2464.80098,496.3619609034859,757.9142494875451
2464.80792,1560.0579299516958,762.096740496759
2464.81487,-895.0259257882683,762.0914991485934
2464.82181,554.9875932327161,762.4218089099918
2464.82876,-2926.093520393234,760.407873290828
2464.8357,-690.9697590037449,757.2926255951007
2464.84265,122.89137459253737,761.2256284316303
2464.84959,-91.47284680237823,764.0277579879424
2464.85654,-1731.8994081597,760.8233025464363
2464.86348,1169.4639640105793,761.3588635020009
2464.87042,-1570.918422658746,759.7486165185543
2464.87737,-1255.831003910885,759.693896843705
2464.88431,-950.1345086713939,764.5726485432419
2464.89126,-2339.958901205339,760.8179563713072
2464.8982,632.8683663180417,757.5156973730302
2464.90515,-712.9415953410524,759.9177024103776
2464.91209,2703.5487076083577,760.7399651106025
2464.91904,1192.8246527848169,759.7740894706393
2464.92598,-413.54268474953534,758.2702418549551
2464.93292,1874.8320209062147,758.6467803071744
2464.93987,500.61709699827554,760.020747315314
2464.94681,-1028.1800697430467,756.6982567131176
2464.95376,1732.7928483680143,762.6992858818804
2464.9607,-873.2452938320431,761.4703993909656
2464.96765,-126.10128103613592,764.3866855103252
2464.97459,1509.5220040352342,762.8935302448989
2464.98154,-1630.6097258970133,758.9040256751438
2464.98848,1338.7589856257912,760.5207719303156
2464.99543,2224.6506043118798,759.4114930045406
2465.00237,336.969313550646,761.5046778079688
2465.00931,-328.598880530126,763.398062419323
2465.01626,1305.9174318086618,763.1820140479355
2465.0232,738.595164283829,761.9476765549283
2465.03015,1445.39306095905,762.7601903475651
2465.03709,667.9937851848649,764.7916320696021
2465.04404,868.3751379434979,763.2843251641286
2465.05098,2953.8969855265914,762.5524233062794
2465.05793,-1106.4735465829344,764.4936090129041
2465.06487,-959.7470363802059,763.188198838771
2465.07181,567.9617120010405,762.688383877696
2465.07876,976.0436457507267,758.5584111771017
2465.0857,4478.538287307381,760.7417471689789
2465.09265,2023.4020180857606,764.2894060883709
2465.09959,350.0118843260135,761.1509916337517
2465.10654,-604.3164366666317,758.02515641473
2465.11348,3964.541076711871,758.9302324159719
2465.12043,904.7728416640476,761.3456553046234
2465.12737,1478.5480473964844,762.7115506365881
2465.13431,333.8093047415843,758.9071704840431
2465.14126,-1872.7869516789472,762.5471819581137
2465.1482,700.3826961744097,759.7568978486559
2465.15515,-454.11931536254616,761.405511500675
2465.16209,78.64894507248103,756.6893464212361
2465.16904,644.3203975790653,758.0344860144647
2465.17598,-2662.7290880943883,761.274792277424
2465.18293,-1817.6151581369443,758.5600884085148
2465.18987,-1324.824861527449,755.9308185147053
2465.19681,1460.769184764722,761.7452556887715
2465.20376,782.3609456017025,762.7573600195557
2465.2107,-125.21360631080388,760.8264473553355
2465.21765,-295.14953997970974,763.9470412261916
2465.22459,1198.3769177236377,760.9949042853791
2465.23154,-284.298586526321,760.782000722891
2465.23848,-232.2968651818578,763.6222872938489
2465.24543,-1731.0666627631438,759.2775241454269
2465.25237,564.0332167239333,762.2976937854294
2465.25931,248.28517845327585,763.5637938483204
2465.26626,1979.6725068971932,761.7566818277726
2465.2732,-1472.8451461113827,764.0052201908302
2465.28015,1405.3819718131112,761.8180056013105
2465.28709,-1593.4725727772557,752.9282598045393
2465.29404,-69.46327275827808,762.3150950613394
2465.30098,90.03273398038823,764.7720294274627
2465.30793,1113.2423284309996,763.0737277948335
2465.31487,106.4307110244323,762.4347026264792
2465.32181,-1210.9860290057075,761.7367647047432
2465.32876,306.1688455361786,760.3685631795856
2465.3357,-400.0347870840227,765.2386142411676
2465.34265,-135.25875489720772,762.2225328527343
2465.34959,-886.4836813748788,763.1997298047353
2465.35654,986.1922585499203,764.101346516188
2465.36348,-444.8531359405191,765.264925808959
2465.37043,101.88279322111033,763.2326454712156
2465.37737,-2497.110138428626,763.6761683529917
2465.38431,-1316.4841993645098,763.4738523137981
2465.39126,1259.967895191058,755.1152647401325
2465.3982,739.6865177988776,763.59953984281
2465.40515,109.01280878475102,760.731054818721
2465.41209,-10.084982832462691,755.2088752183707
2465.41904,-696.4101735727113,781.1898187675729
2465.42598,-1146.7342287285207,757.3817285139166
2465.43293,20.83456861232797,785.5313322801321
2465.43987,1521.0989890365267,759.2808786082529
2465.44681,437.7007922336928,782.3791854933188
2465.45376,303.49502418296123,774.4731359202742
2465.4607,1871.156997226398,782.0555846575726
2465.46765,16.907645739670485,777.4446658492997
2465.47459,1295.2378704402895,780.5751134547071
2465.48154,1178.1492972288906,780.3507837532179
2465.48848,854.6610456411491,779.50975702656
2465.49543,93.10971983450622,777.4348121147483
2465.50237,-1254.055549633258,778.9389742113224
2465.50931,1524.143164051128,777.0231566298193
2465.51626,-1413.4807981716883,777.8170112229864
2465.5232,-2619.781061917317,778.5235449557141
2465.53015,52.81004205856755,777.6678424541924
2465.53709,-782.1162794693305,778.1199611469601
2465.54404,315.2948713082566,780.5263689167667
2465.55098,-772.8974818347208,778.4450295601929
2465.55793,444.5448398414164,773.2585058963698
2465.56487,2353.3042122507536,778.2536155251839
2465.57181,-3306.7903534201446,778.4713411279843
2465.57876,-1641.9071373871507,777.2370036349771
2465.5857,431.9789172682317,777.1338539030775
2465.59265,150.92734593052197,776.5595069710871
2465.59959,-1075.6067231006903,776.2694507636008
2465.60654,3566.5695987467325,782.6130544484696
2465.61348,-183.3715007297327,781.6820861872893
2465.62043,1379.6382516818855,776.411596125853
2465.62737,506.5534479306744,781.0546968118629
2465.63431,1334.4561532626942,779.5686697799418
2465.64126,-1047.1972532924221,777.7645977413301
2465.6482,1166.8690773607364,777.7813700554601
2465.65515,1285.5850891775651,780.2025584270938
2465.66209,1614.7133458724204,774.6271267293806
2465.66904,-176.7525166122415,779.6732870893279
2465.67598,252.76202357547177,776.1090655097323
2465.68293,1181.1417925505784,782.0073642544487
2465.68987,4453.798390176838,780.5656790280091
2465.69681,-311.0936162726098,779.457762852757
2465.70376,1998.5797269620539,781.9441535955712
2465.7107,1980.3957081170875,779.2534551012606
2465.71765,3669.596683099365,780.6924148266542
2465.72459,3885.484459579067,780.8729268574785
2465.73154,-752.2244515728577,776.5100286444035
2465.73848,223.22671218122548,778.2266749956125
2465.74543,2673.788227896916,781.8473983084335
2465.75237,-1015.9594471870141,780.9403305948887
2465.75931,-1213.8076563771954,776.2027808149339
2465.76626,2655.6833534092507,777.8968893690306
2465.7732,-2691.240869018849,775.2320831346582
2465.78015,3749.047973749041,780.7299428795201
2465.78709,-1204.8262918144892,781.3162400853281
2465.79404,-1646.6082073838725,773.1360680032205
2465.80098,-67.64379115605936,781.4354283426146
2465.80793,-493.486452472855,779.479881342016
2465.81487,557.4787011888793,771.8028786838095
2465.82181,1245.8264233592834,773.6823213090431
2465.82876,-695.9215750967106,774.7680141680729
2465.8357,256.2047507045878,783.0678986422834
2465.84265,-1870.7958683377856,777.5811505555328
2465.84959,1044.2600017804,781.9553700806456
2465.85654,927.3632619118634,782.8777425308342
2465.86348,-1103.0655171786748,773.5264436145972
2465.87043,1383.108233821463,780.4240578005735
2465.87737,-145.38587816892215,772.5609872824871
2465.88431,-136.85736608772658,780.460747237733
2465.89126,1240.5607553381592,779.9145987588737
2465.8982,-2736.6218241874453,779.1680211261606
2465.90515,774.1128456473684,777.1148802227178
2465.91209,1779.7926463310482,767.4493100704693
2465.91904,434.00993968241556,772.0461820656584
2465.92598,1463.3431060219023,771.0368032359203
2465.93293,2234.1974055146948,767.679195601014
2465.93987,273.1612458091621,771.4681661899521
2465.94681,1743.0897913202955,780.2130411234251
2465.95376,295.74652953577555,774.4080383760571
2465.9607,-221.92790610578098,780.3561299283468
2465.96765,-1102.1300413580723,782.5505775783352
2465.97459,2075.1850703847535,767.9446174721219
2465.98154,721.7518822996325,770.8012570493566
2465.98848,3508.269454138588,767.6297172743305
2465.99543,1149.0130620839757,766.7841829882501
2466.00237,1152.7689073525066,785.4162322744147
2466.00931,1495.6457444206408,766.087502990074
2466.01626,-136.86313157070876,785.7639433117231
2466.0232,-1440.9248116478457,763.1843202411284
2466.03015,496.44309697309,764.7685701376734
2466.03709,-1040.7493467790575,781.4697067596178
2466.04404,1866.1620972515104,766.0789071790823
2466.05098,-1002.2690457783742,763.2628356366496
2466.05793,2398.1586215826296,761.2934514768937
2466.06487,719.8486439537269,783.9998103461334
2466.07181,280.0080189179318,762.7633351564646
2466.07876,168.06907027926974,776.2321323646615
2466.0857,-1856.0402153279617,767.3824304678758
2466.09265,513.7449969217796,766.3109940758567
2466.09959,-799.6050858936068,765.1179584063947
2466.10654,-1949.9250257292022,768.9881698918999
2466.11348,-1060.6318769105794,774.3935722551199
2466.12043,905.409246158319,767.1616648831392
2466.12737,-237.05642862410815,778.8674822223431
2466.13431,816.7526805523,764.7647963669941
2466.14126,2366.7944989864295,778.7439960595608
2466.1482,191.63616334427013,776.6438926765538
2466.15515,392.28314762793764,764.5312418927334
2466.16209,1081.4081617313057,766.1008160144146
2466.16904,3140.5645604637652,766.3217912530778
2466.17598,-0.6004488458552103,762.0199023326508
2466.18293,1439.6023146786927,765.1997234377785
2466.18987,-762.7160581960105,765.1377707024607
2466.19681,-8.535745141664126,768.896026991148
2466.20376,707.8171292395106,766.4339561038224
2466.2107,916.5601095537454,765.1614615961694
2466.21765,584.6931436153823,763.7900104351493
2466.22459,-1165.5489914117393,763.6620167129444
2466.23154,-1217.268518570965,761.7392805518626
2466.23848,1457.1885053518863,763.9651762908447
2466.24543,1657.4633539157937,768.9412074123359
2466.25237,861.9284893536927,767.2674352891217
2466.25931,-1747.2597030939116,764.9214078501833
2466.26626,1453.2795078899553,765.0943723396492
2466.2732,-1917.2529771117495,794.4449786245386
2466.28015,-389.50408000355435,764.7242283321921
2466.28709,2490.353830989195,762.2040833071912
2466.29404,-368.06675635217834,763.5088645195444
2466.30098,526.4424773339216,762.1666600812886
2466.30793,1906.8356928055855,761.3411477452009
2466.31487,-1013.4726371363467,761.6149557733737
2466.32181,279.62057846152794,761.493042015041
2466.32876,1802.4549778756966,764.3102666540701
2466.3357,-694.872781328767,760.4516909614927
2466.34265,-208.11213164901892,758.1405709013372
2466.34959,-525.6353097164138,761.7090903864286
2466.35654,-274.500095784592,763.9496619002745
2466.36348,85.02986715628906,763.7556271911826
2466.37043,-230.0158304601732,762.8483498237111
2466.37737,-1522.436266607507,763.3768873727338
2466.38431,1091.7292148851484,762.4919381484478
2466.39126,-632.2965352331707,760.2505280188955
2466.3982,72.7786351269692,761.1737390847906
2466.40515,-83.87069059597711,759.3538381747185
2466.41209,2106.062586217256,763.4514193436491
2466.41904,389.162029622265,757.5749246073019
2466.42598,232.41364241898816,759.224586528954
2466.43293,-1395.772379259272,757.1616967179232
2466.43987,434.5089160277841,755.5452649436411
2466.44681,-767.7779426004546,758.9951203062625
2466.45376,932.7240079887121,762.4506363249027
2466.4607,1913.4070854817326,763.0828477406417
2466.46765,-1167.3839874045284,757.4581473701716
2466.47459,3236.6212807178817,762.4933008989709
2466.48154,1989.7662951945742,760.0802890304757
2466.48848,3629.184840472681,760.8714181225967
2466.49543,1109.8567319968888,760.6970908826077
2466.50237,-97.99297909346554,760.0371003215909
2466.50931,518.0282266427371,761.2437634962835
2466.51626,-127.3967326487544,761.9567965007365
2466.5232,1478.934754064145,761.0395605717503
2466.53015,1642.8149388894385,758.420039585529
2466.53709,59.88439450468918,758.2204490473815
2466.54404,-664.9366116268129,763.7820435859375
2466.55098,-795.7343502732849,759.5033214244024
2466.55793,936.0472323796517,762.6705632939328
2466.56487,1171.66197577732,762.8037983643032
2466.57181,2124.488021558731,765.5453379358206
2466.57876,-688.0160496584826,765.4639922122898
2466.5857,1617.388949284014,765.4769907557406
2466.59265,-1876.5289597883211,767.6874769311158
2466.59959,885.2369743002008,765.6620103459877
2466.60654,-214.3140092794888,764.7514833426534
2466.61348,3264.6313597959283,764.2305981619526
2466.62043,455.5342697133412,764.2826971627189
2466.62737,336.37693638096584,765.8878076249632
2466.63431,3285.125345604453,766.1643411541821
2466.64126,65.31474568517756,765.6788874870809
2466.6482,2467.6627768565995,762.8113459056617
2466.65515,288.9637008746266,765.7215520611493
2466.66209,-999.4713189545212,765.3278219869467
2466.66904,-518.3798162776878,766.8437247034118
2466.67598,180.3521697054367,767.3182763663284
2466.68293,1590.38395113021,767.3094709014102
2466.68987,142.5241020704851,766.8668914623039
2466.69681,-661.2245840289465,765.7723931383559
2466.70376,1117.138851484296,765.1542285357008
2466.7107,1343.7267354171804,764.9677413679675
2466.71765,3591.443464736389,769.0190938460772
2466.72459,-2863.0777348404677,764.922980254633
2466.73154,-49.201897981344025,768.3644494601893
2466.73848,49.472141892764206,767.1432153375962
2466.74543,2552.7024977474402,766.0491363215015
2466.75237,-1253.3333966829966,761.8937954957855
2466.75931,745.97770800209,770.0200865187502
2466.76626,-1375.1559555575975,769.2890232766074
2466.7732,280.1352788513934,763.6715559666059
2466.78015,-629.070170956332,768.9900567772396
2466.78709,1847.3436656245758,763.4256319106743
2466.79404,-250.09250012775027,766.7477032050173
2466.80098,-568.8395329918211,759.8851012247874
2466.80793,-1515.397345674985,764.9488725145711
2466.81487,148.03653276324735,772.3786931932863
2466.82181,-1436.934153981494,766.1058477086535
2466.82876,727.6110805870333,767.8215506171928
2466.8357,603.251185065448,764.762385346838
2466.84265,524.5943779707186,764.3839600092791
2466.84959,1655.7938796980754,766.1966278588825
2466.85654,393.26873073700375,761.8454702656985
2466.86348,1047.42944501616,768.5030307056887
2466.87043,1410.2272837113514,765.3157668861656
2466.87737,-641.6676464454739,764.7935189549418
2466.88431,477.437129908789,762.9568457307398
2466.89126,1319.4324577076798,762.4505314979393
2466.8982,650.3760415957141,772.1872791582773
2466.90515,-1363.6380929636132,764.8543185936632
2466.91209,-630.0224190910648,760.2241116241407
2466.91904,114.14356450409164,767.5327523332662
2466.92598,3650.6486853457754,766.3937025499104
2466.93293,3375.8267707838136,766.1036463424241
2466.93987,3289.2027999964275,765.0485629566816
2466.94681,735.4836903587811,763.0761388149897
2466.95376,176.67483983242678,765.7880123558895
2466.9607,2884.3845489225196,761.2378931863379
2466.96765,32.24844285870588,763.4329697981061
2466.97459,-1980.015081413299,768.47933981198
2466.98154,1851.8291065577635,767.6955486072909
2466.98848,2397.8633240269774,764.5796719497839
2466.99543,978.3439686336609,766.5646753270734
2467.00237,15.518898129703706,772.1553069344669
2467.00931,-1019.0644218403368,766.1580515363833
2467.01626,-1179.2565844423625,770.9523127034903
2467.0232,1144.5535134107265,767.3176474045486
2467.03015,-33.63415048673661,766.3079540939206
2467.03709,-831.7119075248771,766.4286099286934
2467.04404,952.2956213470486,764.7177290604667
2467.05098,840.0629475571844,765.2966883788428
2467.05793,-1613.599664214186,767.9283692928084
2467.06487,468.64550214967846,763.9693693693772
2467.07181,-564.3915152845361,771.3120788415794
2467.07876,1447.0903143220462,769.1063098795534
2467.0857,546.56411776876,767.6550853994522
2467.09265,612.1772009915254,769.182623908845
2467.09959,1497.253894864821,770.1318320616416
2467.10654,-817.2887656426814,762.6350269533698
2467.11348,242.2302682253703,763.630358970024
2467.12043,-851.87799459216,765.2358887401215
2467.12737,-1938.4461587655703,760.5051527127822
2467.18293,3243.7526590320454,766.10762976703
2467.18987,2403.4581487129035,766.7135296149773
2467.19681,312.5770226304479,769.1793742729823
2467.20376,-520.0127058852099,769.8647329591208
2467.2107,3787.3314097126226,768.2360364301312
2467.21765,1394.778829300994,765.7502746490968
2467.22459,-230.0662522295266,770.5919176036211
2467.23154,-5.692208934843508,766.5425568378143
2467.23848,451.944365527734,768.0400100087364
2467.24543,-426.15567462924736,767.364400230186
2467.25237,1913.714228484239,767.1453118768625
2467.25931,-284.74839902589594,765.8775345825586
2467.26626,312.81833429999375,768.8860684296333
2467.2732,-1065.833076349266,766.0382343173169
2467.28015,510.13653836366615,768.5617338051438
2467.28709,-345.4683692551507,767.108307958813
2467.29404,-967.7735321340971,767.0735054069933
2467.30098,-17.198226081973342,764.2651910598457
2467.30793,960.5184580032242,765.9941021657622
2467.31487,-1841.4858300876983,764.8211932732564
2467.32181,2059.8573766361324,769.4379823914747
2467.32876,-2321.321715397972,766.1240876002701
2467.3357,-1226.1801732030683,771.3823129069989
2467.34265,-507.78830955849816,771.3740315768972
2467.34959,1944.545620452884,770.9577637055825
2467.35654,1299.6790743949593,769.5307542540065
2467.36348,-1357.6977586066087,766.3667620203389
2467.37043,-1313.8832327507946,768.3224138479009
2467.37737,-1604.9548990306769,767.6262579845412
2467.38431,-1739.2192653539,771.6479444320333
2467.39126,-1069.3990799872379,769.357580110614
2467.3982,-286.98540642298906,767.5517260136259
2467.40515,379.2488581826718,766.4003066485991
2467.41209,-106.77517242587788,769.7190234801161
2467.41904,3379.1917163061516,768.8936159709918
2467.42598,-119.28962496007593,767.9168383268441
2467.43293,2192.0758351163813,768.8311391008575
2467.43987,1727.219722863494,769.1787453112024
2467.44681,-960.377256083642,768.5517752436291
2467.45376,659.0034055033135,766.6355383542727
2467.4607,-564.843319496414,767.500780109456
2467.46765,-836.9507398433932,766.5006260524893
2467.47459,-19.162264066600294,771.7835905225601
2467.48154,2397.3269244557064,769.3177458645551
2467.48848,-888.7851573544094,769.1241304633165
2467.49543,2867.8462085745996,768.2575259576104
2467.50237,1085.3252308694116,765.7260596205716
2467.50931,904.9888900354349,766.8320889104841
2467.51626,-1720.076813583366,769.0195131539305
2467.5232,1680.514488667369,773.5800101928498
2467.53015,3556.7523439785705,770.8363740820663
2467.53709,-912.7749127354867,767.7115871326778
2467.54404,-282.17584051923865,766.9223449258963
2467.55098,-1101.1377493233542,769.6483701068433
2467.55793,1912.7937429193903,768.9374336416566
2467.56487,-657.135074536191,767.557177015718
2467.57181,2308.6924773389464,775.8413374454318
2467.57876,-538.2875048804048,770.9902600642095
2467.5857,-109.04236998840518,766.2274469860964
2467.59265,1788.3926504012231,769.6411370463749
2467.59959,-778.5219725512643,768.992887105249
2467.60654,1100.1248063768633,767.6290883125506
2467.61348,170.37652139570915,766.5740049268082
2467.62042,2381.8275241411793,770.9890021406496
2467.62737,566.381340702138,772.4534348181282
2467.63431,-784.1303199154578,766.4107893449303
2467.64126,3464.9993995302207,771.2892265635772
2467.6482,-1670.0465729379248,762.0774523355094
2467.65515,712.9376119164466,763.7317266435474
2467.66209,166.35127083146438,762.1378326663776
2467.66904,2030.8786964170765,761.7415867450555
2467.67598,57.63344512147532,764.3155080022358
2467.68292,1877.3616003579139,765.522380830855
2467.68987,568.151343977673,767.6304510630737
2467.69681,330.96461543816724,770.4755596743439
2467.70376,318.23516280221486,770.9910986799158
2467.7107,388.83496949672934,770.4505060301123
2467.71765,359.8898339059336,772.3730325372674
2467.72459,-1844.4337739499786,772.695375449454
2467.73154,580.7218789372436,774.3155809944152
2467.73848,913.2606808834778,773.2425721979463
2467.74542,617.44035316553,769.3521291085217
2467.75237,2833.333398481376,770.3302695031925
2467.75931,2481.9069791124207,770.9788339252084
2467.76626,1697.5781169284485,770.1525878003775
2467.7732,1113.351453299808,770.7080658789715
2467.78015,-810.5130652150376,770.2449403550561
2467.78709,346.99978636218606,775.7870370784357
2467.79404,1936.536001840086,770.540237910708
2467.80098,-1832.4375859223985,769.8346476206501
2467.80792,-1620.6922565519242,768.8055613218093
2467.81487,-731.3943905199521,768.9816706201746
2467.82181,1249.0347573984322,770.8193921140097
2467.82876,730.786918267555,774.1305614041682
2467.8357,1015.0600318417911,770.4292261565598
2467.84265,-495.02049025397326,771.4190023441585
2467.84959,952.6996244636557,773.9396715039759
2467.85654,-458.1158433388433,770.3379218715145
2467.86348,1979.4952445022313,770.7633096886374
2467.87042,-1804.641773157363,769.6947036246277
2467.87737,1068.279528019058,771.7863160236061
2467.88431,-455.92244395848815,770.8415106032686
2467.89126,1785.210418275939,778.6367580760918
2467.8982,1572.5302420466421,771.0589217251792
2467.90515,-438.89173136388854,770.2371831597709
2467.91209,1252.4363923579297,779.976027359375
2467.91903,-1305.7155350773216,773.2477087191487
2467.92598,-90.26167606826317,771.3387048902609
2467.93292,-587.7705487773534,771.7524569144562
2467.93987,1792.9831279516502,771.6597898788878
2467.94681,-1219.7631906438808,769.4484650878061
2467.95376,-1180.4210023508404,765.6877977789626
2467.9607,-291.06506218119324,771.5515036257857
2467.96765,-1122.5477131373054,771.7384101013722
2467.97459,-607.7941760014943,770.0172561907408
2467.98153,-244.6365711682136,768.2713631167676
2467.98848,2105.31338791046,768.0889642006035
2467.99542,-105.5532045145416,771.9681908049537
2468.00237,-368.0957934210159,769.5272949642172
2468.00931,-1.3436720157423319,774.0028821628534
2468.01626,-1839.1964092089488,766.8429909146686
2468.0232,542.4178968888522,773.9509928160136
2468.03015,99.88678301267298,770.0533166661204
2468.03709,-955.0976460763973,777.5232860717841
2468.04403,-73.99106378464403,769.2547448596041
2468.05098,1282.735053699019,768.1920091055399
2468.05792,-1711.734264535087,773.8865242335763
2468.06487,-1033.4167006953332,771.2192021520843
2468.07181,-2533.1478663571597,774.2348642326644
2468.07876,449.93032508160695,774.7129800123337
2468.0857,-1241.0888735793287,770.5463178745802
2468.09265,-942.0257237513023,774.0772044798422
2468.09959,1252.9402955705739,774.9423414080619
2468.10653,-1176.0825288202172,778.7487132729098
2468.11348,863.5874808750798,776.3061402007603
2468.12042,3021.7484388969738,773.9449128521414
2468.12737,1289.9129751848936,776.9764038041817
2468.13431,-1296.2973565584912,768.7241107713152
2468.14126,-1165.3922751015868,769.8135774010242
2468.1482,640.5860418380132,768.6093252464879
2468.15514,-755.6748310702958,773.0354341184403
2468.16209,-843.324533693696,773.3729769403072
2468.16903,596.6958309146876,770.0501718572209
2468.17598,-2473.5375943615336,761.8299558751281
2468.18292,768.3819555630625,763.1821188748988
2468.18987,-3105.11250077926,762.9980427273216
2468.19681,-1425.0504452855487,764.6361736830095
2468.20376,1553.5428293548473,764.4168756757592
2468.2107,385.99929531215713,765.4131511350832
2468.21764,3353.4422306919437,770.0382215834034
2468.22459,1037.5169025383466,769.4108322079768
2468.23153,453.5383643318671,767.4157654422094
2468.23848,919.3334116951464,769.4086308417471
2468.24542,-1107.8354584902931,774.2175677837178
2468.25237,-636.3566931761986,765.5738508698416
2468.25931,556.416908877485,767.7909411439055
2468.26626,-890.7973109151969,768.2951588374397
2468.2732,2149.598062696731,768.861119612365
2468.28014,-750.0064178561241,765.6190312910294
2468.28709,-633.1533908312889,768.9207661544899
2468.29403,-251.73482416197052,768.3078429000005
2468.30098,-2148.702945257004,769.6984773953069
2468.30792,2207.2784702977706,773.0253707299623
2468.31487,1517.706264368911,769.4474168181729
2468.32181,-258.85823562692246,770.2294259644857
2468.32876,526.4063120315788,771.2919520646234
2468.3357,-92.8077133532023,766.658076151385
2468.34264,-426.9202824996503,771.95288606831
2468.34959,-1293.701421639015,767.4602120746538
2468.35653,1880.2201268204883,774.8677046101833
2468.36348,2758.221315151066,776.1930319073458
2468.37042,-681.7255932440135,774.7501935843097
2468.37737,497.9471542427008,777.5053606610578
2468.38431,-1597.5477209760372,769.6156640942897
2468.39126,-1003.6238294522277,779.7907981152014
2468.3982,-383.4165685900586,767.8946150106217
2468.40514,1043.7296821730013,767.6279352159542
2468.41209,-96.97269825954294,777.8684812619729
2468.41903,1060.180177525665,777.4260066498299
2468.42598,-609.461134372093,778.4768969570399
2468.43292,259.0323532129849,766.9234980224928
2468.43987,-316.64567155750416,777.7747659567714
2468.44681,2996.46742498181,775.5460398897799
2468.45376,772.0437710455022,775.5921637536375
2468.4607,-876.5842422674796,774.5040598744515
2468.46764,963.7002708206549,772.7213725363555
2468.47459,913.2720021955156,767.6443930491943
2468.48153,2631.6037613206145,767.3846318341053
2468.48848,1477.7365818734806,765.6946115315778
2468.49542,582.8473504453721,777.1720109177232
2468.50237,-3558.309862999471,768.0833035445846
2468.50931,1860.87756037699,767.4267722733571
2468.51625,35.418829537135515,768.4413924512609
2468.5232,-1035.620058637203,770.6553379164253
2468.53014,1642.3022302118763,767.8691420585368
2468.53709,2197.699382390255,764.61594207909
2468.54403,3803.5697352915417,775.3007447956281
2468.55098,-648.2411356608873,775.7664909936265
2468.55792,696.6830381582143,767.9669456153075
2468.56487,1380.3415357787508,770.3952622204464
2468.57181,2389.8505606052804,767.7966017999244
2468.57875,1925.1994898926332,765.9161109050576
2468.5857,-634.5089082938855,768.407952649964
2468.59264,-691.4808952768576,768.2530183981879
2468.59959,3355.184245168274,767.8736496179591
2468.60653,-1883.5590752559247,767.4409239134044
2468.61348,-533.0073707383435,767.5100048822273
2468.62042,-501.0282283483879,768.628194099884
2468.62737,-857.7703181999675,767.3702705401316
2468.63431,415.7712011626003,770.3360349861748
2468.64125,-1135.0763173115508,768.1825746788418
2468.6482,-1814.434603243073,770.3285922717796
2468.65514,-950.7299258230099,768.3848907180353
2468.66209,152.02792421834215,774.7990429492135
2468.66903,610.54420655704,774.5547961246949
2468.67598,-245.85916804132972,770.155103647497
2468.68292,-157.0229290201928,769.3185844802616
2468.68987,428.40662401246124,768.6361609490958
2468.69681,-672.8960181241838,771.0018958571371
2468.70375,-678.4147384347448,769.6866319484526
2468.7107,-1256.6986566862245,768.511521689717
2468.71764,1348.1992826338806,768.738786546179
2468.72459,-779.4334429972685,770.1455643938356
2468.73153,-643.7562188625163,763.7552078833294
2468.73848,-646.709089592072,763.492616340231
2468.74542,-1101.6249850488316,767.3519258215518
2468.75237,270.4527267310882,763.770827100863
2468.75931,-1810.9183924126748,769.3311637158591
2468.76625,-564.3393114568064,771.8698631133664
2468.7732,138.6337638080238,774.8570122599253
2468.78014,-1669.440568263014,769.7378923335125
2468.78709,-479.8351515215305,774.76539349399
2468.79403,62.18251602139375,770.5656060358295
2468.80098,-1080.174453200078,774.4330920202888
2468.80792,1408.0430042768046,778.5054098910609
2468.81487,3268.8784242145425,773.5331525402491
2468.82181,211.59899092968962,771.1403722756733
2468.82875,143.9113821029655,770.9709719029598
2468.8357,-1888.285094069915,775.8987826213272
2468.84264,-2055.196769847249,774.557521625741
2468.84959,-1966.7084515173472,773.6802247697769
2468.85653,627.869063610695,774.0884209649165
2468.86348,-1207.8344063537108,774.130142096315
2468.87042,-906.3188297189834,774.9766198250652
2468.87736,1903.906722623665,778.66296481692
2468.88431,674.0109577059777,778.5096029695935
2468.89125,1950.865009109227,776.7927469644579
2468.8982,438.97685085809854,774.0547715096932
2468.90514,1308.9204098266812,774.9210615345095
2468.91209,2510.387416774851,779.4799861689793
2468.91903,1380.7530864367166,777.0513550829503
2468.92598,850.9701930898718,775.1405691956863
2468.93292,3572.4117102391133,778.3839154405815
2468.93986,1037.8865224109873,780.7448283083104
2468.94681,4534.871563602889,777.454519583851
2468.95375,-157.51959917236846,778.3779403036726
2468.9607,604.3872996938312,776.1081220670626
2468.96764,1383.5019638956658,777.788707942892
2468.97459,936.3599312112135,780.8581462556515
2468.98153,3835.2814640980864,779.855686005492
2468.98848,538.1452546911895,784.2086256570524
2468.99542,2845.828143546471,784.8224923542116
2469.00236,-107.7389515265749,785.0822535693005
2469.00931,1398.8251500848646,782.3528739255274
2469.01625,791.3154744618009,780.663587411743
2469.0232,-4.935148605799122,780.6498550795491
2469.03014,-882.5269876446406,778.0928109634622
2469.03709,-20.768422798477626,782.1838928606674
2469.04403,-458.94670185005987,786.8715450060852
2469.05098,-962.75965847885,782.1024423101734
2469.05792,-668.1327857382175,777.7777011117441
2469.06486,-484.2063310647073,781.7593436592508
2469.07181,-812.6432539365152,780.7902183834249
2469.07875,-1384.0512571834242,786.0961399584611
2469.0857,520.5618943460051,785.0196718722027
2469.09264,-266.40326113831816,782.3951191917424
2469.09959,787.0826665101969,783.4372040340342
2469.10653,-676.8294402685666,782.761384601557
2469.11347,-1771.5397243364018,780.5538335811547
2469.12042,1429.24551553036,787.7152972337891
2469.12736,-701.4931281967813,787.2032175180065
2469.13431,362.3210856660453,788.0998025352202
2469.14125,-1371.7070436376462,789.5789109875625
2469.1482,477.7980491434747,788.9278307184272
2469.15514,1291.5004747173014,786.9802505670405
2469.16209,603.1286423453355,786.3309523562815
2469.16903,3054.9269065741896,789.20195322749
2469.17597,2415.129058673325,786.8312914521731
2469.18292,-72.67663849166594,787.0239634107419
2469.18986,163.49966294846868,788.4287495460954
2469.19681,206.42619959806058,789.530795411402
2469.20375,1367.3939382321448,789.4692619839374
2469.2107,3197.7372910814815,794.0540788783455
2469.21764,1660.6028166400458,790.7414420107004
2469.22459,1024.4965550792015,793.3840249288506
2469.23153,166.9245694938216,785.9147893119301
2469.23847,-1093.3412439269712,786.3122931568118
2469.24542,-23.307751157764766,786.1440458806949
2469.25236,-1154.2874307430548,781.3562839853134
2469.25931,293.6917114009198,780.6598136410638
2469.26625,948.9823555176237,781.090966941169
2469.2732,-263.7181184730631,778.1444906563753
2469.28014,-927.8587789674427,785.9982315747269
2469.28709,202.7217195415527,779.4200251459644
2469.29403,-595.7675881545536,794.0754635788613
2469.30097,777.2017817753041,790.0758956206281
2469.30792,2467.5388713859643,787.9977010729536
2469.31486,-75.86201542584928,787.946859995747
2469.32181,-1864.4338151073737,793.8812192158427
2469.32875,2657.8529570689343,791.1561374775656
2469.3357,-13.741137658883414,790.1863832399597
2469.34264,423.8305077560081,797.0163840345994
2469.34959,622.3159600561676,796.4939264494488
2469.35653,-321.914589214491,797.7798388084058
2469.36347,1430.0306694855722,789.5117169040791
2469.37042,1421.9454706322263,790.3938358003555
2469.37736,777.2085955279193,791.0968054163307
2469.38431,1491.3505644258657,795.6531093767176
2469.39125,512.1328630529935,805.4832578613671
2469.3982,1497.6693241204293,800.1446302737772
2469.40514,1668.8682130433267,798.0252387295209
2469.41208,-800.022506861518,798.9284278454232
2469.41903,1864.9703195056084,802.4803846703111
2469.42597,-2574.885350761896,806.6532315989003
2469.43292,113.85266968089886,810.604055019193
2469.43986,1994.0090617076933,823.5745048438014
2469.44681,1087.5128647667846,825.5690474747523
2469.45375,320.26230661875604,827.9291217267747
2469.4607,845.5363826195943,829.8702026064361
2469.46764,2214.0551141680844,830.1027088110637
2469.47458,-61.657647416086995,836.570846928348
2469.48153,-3456.0204459876704,836.8908836473418
2469.48847,1165.9664123796506,820.9229068068063
2469.49542,-676.0166119950397,839.5382886058042
2469.50236,-1044.5695558030625,841.7233018290945
2469.50931,-53.749291649849425,845.5752734229832
2469.51625,-1119.59421344597,829.9527014265633
2469.5232,232.60275026080433,846.7795255775197
2469.53014,1002.8578588313017,852.7111592965695
2469.53708,1309.4226358079125,855.4138080646977
2469.54403,2489.0641448595593,857.0019365588853
2469.55097,-2326.157907350404,858.4683609486668
2469.55792,2.542577995149808,839.1505336685105
2469.56486,1490.5844889779764,862.7126998662352
2469.57181,1636.6382197301639,866.119156866045
2469.57875,484.09133588595324,868.615191689484
2469.5857,1648.7196320789171,869.0805185796291
2469.59264,-1139.3781014050146,845.7656391883592
2469.59958,-1998.3504703932888,854.4575765053592
2469.60653,-2532.0404743167246,859.992964303087
2469.61347,830.7223409912052,859.6760723929925
2469.62042,726.0046073742659,857.9677073718854
2469.62736,-3237.3710031594946,861.1454319377468
2469.63431,-633.320380183846,863.5518397075535
2469.64125,718.4878851429646,866.0367628728814
2469.64819,1021.7563782582071,862.0863587604417
2469.65514,519.6049289979235,865.6615871711851
2469.66208,752.5448027727414,864.7681469628709
2469.66903,658.51281531501,871.0611192244595
2469.67597,551.5312385983694,874.4956698504371
2469.68292,-1436.3142073204626,876.4593933541742
2469.68986,-118.18516807461322,877.4307199962298
2469.69681,3357.8994731720004,877.4214952234582
2469.70375,3743.217078741735,875.825085399169
2469.71069,-329.7548074545753,873.4966688900671
2469.71764,2803.1128332279545,875.9340006140509
2469.72458,984.7345347980936,885.6673938115628
2469.73153,-1560.9767382851317,884.4212108717012
2469.73847,-418.4092765213279,886.8958609946244
2469.74542,-2491.883361210891,885.0754359497358
2469.75236,2832.2815647314965,889.4455672232795
2469.75931,-522.9453450108463,907.6333598389248
2469.76625,126.83968216571066,897.9944157353577
2469.77319,2371.037160672585,920.0205524396612
2469.78014,-877.5524241006359,891.4219747895773
2469.78708,-37.760978378431425,919.9556645493707
2469.79403,1641.6876297259737,883.9486509210875
2469.80097,851.5178091462175,926.0805991887692
2469.80792,-23.033943129591957,928.4643643345001
2469.81486,-1938.316382984989,928.6373288239661
2469.82181,-1566.1015188675635,934.219364620368
2469.82875,-764.5631092895804,931.8202947379932
2469.83569,878.8023808111766,918.3015998952594
2469.84264,1230.1087733071388,940.4602378811902
2469.84958,261.9627909723917,938.2412607217867
2469.85653,-415.9134513518156,941.756108801662
2469.86347,182.81141026475288,946.4944971973231
2469.87042,-3276.1615919715837,945.7769566334476
2469.87736,-134.05984891780025,947.6920404262075
2469.8843,-527.1759515962207,945.7986558148533
2469.89125,2812.7137251438394,949.5702251278815
2469.89819,120.20948156314499,927.8276453593388
2469.90514,1806.5589534893893,952.0180395481966
2469.91208,-692.7026535342673,950.5605254502966
2469.91903,1208.3792969090102,949.033720729647
2469.92597,65.73594042376801,953.2400074595328
2469.93292,-79.33094929579354,952.4635541422755
2469.93986,-460.9396720765611,951.3961011748622
2469.9468,790.0076532675115,949.6944450794069
2469.95375,-384.0288628827681,948.0087226823753
2469.96069,-2299.616873336222,933.9134795414215
2469.96764,301.254662323042,921.0395753500242
2469.97458,1120.9231048598851,924.6399622319625
2469.98153,1808.2878645953058,939.0914073942529
2469.98847,-1738.5127316211724,944.9147548602006
2469.99542,650.8558346067963,937.2905849915038
2470.00236,924.441000655595,931.863483446878
2470.0093,1481.8171810743545,933.375297911774
2470.01625,729.8575224108247,938.9808149479579
2470.02319,-58.00495187945558,942.0260382321921
2470.03014,3145.352741667,943.8112414174076
2470.03708,1704.693980852042,950.8508961386727
2470.04403,1108.3103246340997,955.5323634932552
2470.05097,-2057.068350450234,952.1632248923846
2470.05791,-3398.7422594448617,970.8700158033912
2470.06486,-974.2059242568916,942.7246051157082
2470.0718,-2364.153173991839,982.9091828859293
2470.07875,-1158.2731615421308,984.8776236030155
2470.08569,-398.30828699826236,985.6508272844101
2470.09264,218.68005230146326,989.331197139356
2470.09958,1807.9566113912376,994.6349173481627
2470.10653,-303.4362162565428,998.9407896931956
2470.11347,1753.0654396300229,1004.5241882401206
2470.12041,1439.5709714166621,1004.159285580829
2470.12736,1803.1564799141854,1010.3214337922034
2470.1343,1268.2168337610988,1014.6127351893359
2470.14125,-1245.7546168894141,1015.7862730436216
2470.14819,-1053.290425361937,1017.7987410852991
2470.15514,-2770.4990684021036,1019.4588857032825
2470.16208,1857.4908108462828,1023.0478464462198
2470.16903,-710.7240857591353,1012.0719392525624
2470.17597,-3692.9948999264684,1027.544923172335
2470.18291,300.85537641978397,1030.066745428749
2470.18986,2168.443015545384,1031.9559369615706
2470.1968,1801.9871351384318,1036.5309001214273
2470.20375,1082.719442215384,1032.4402375320753
2470.21069,559.1557229479561,1035.835582873774
2470.21764,3082.50834819925,1031.1322066838593
2470.22458,-1782.451896736365,1031.090800033351
2470.23153,3258.94816597993,1013.8633272286132
2470.23847,-1027.60394075268,1028.7817765124616
2470.24541,1719.9448364365553,1013.0291142545707
2470.25236,-750.4785584988846,1025.6534254463206
2470.2593,-1683.9253483996379,1005.9656638126336
2470.26625,4227.476871557731,1022.8678585502118
2470.27319,1611.2751263027267,994.1615187818425
2470.28014,-255.25051085755229,994.7760144407815
2470.28708,-1542.6472196150874,1000.8272557249711
2470.29402,-1338.2734271317267,1012.644713780103
2470.30097,1513.2088731619058,1012.60917743954
2470.30791,-524.0768472528437,1005.4871287251111
2470.31486,2497.41340283349,986.3210908878315
2470.3218,-700.791416504366,984.6006707659433
2470.32875,-178.42461150404256,987.5690558860693
2470.33569,-1759.4935338473217,989.3140055173727
2470.34264,-791.2900015097158,988.0691853280343
2470.34958,157.35659324441735,991.812136880078
2470.35652,-3319.902109991299,990.0018800506308
2470.36347,326.8870562192295,995.192806446913
2470.37041,2965.395979267179,1002.7703283169355
2470.37736,-96.30526498413084,1009.2741076017461
2470.3843,28.211975809386672,1007.0432849954883
2470.39125,-1641.3514496546297,1018.849002430729
2470.39819,1921.6286642143486,1001.218050644201
2470.40514,1070.9539783340556,994.4642590518895
2470.41208,1834.2868383821979,1000.1646444898714
2470.41902,1407.163820535501,1013.4801846777053
2470.42597,-2470.0175049334935,1029.3488903839836
2470.43291,848.7919936191968,1040.894322469319
2470.43986,-251.77392461928633,1046.1318968642752
2470.4468,-1276.0206770449136,1048.0174194533809
2470.45375,-1174.7252292992441,1052.1145813144583
2470.46069,-1038.3263763490475,1052.7660808914468
2470.46763,330.2088130326826,1052.2353419761944
2470.47458,1727.0022069146203,1054.8263500283947
2470.48152,343.3265447407453,1061.927328523198
2470.48847,1518.5917377280132,1077.467087218601
2470.49541,310.92757036272224,1094.4559738548387
2470.50236,-56.053388303462974,1112.1742465018062
2470.5093,-279.94480825905424,1121.4714547049741
2470.51625,-1073.7503424073855,1129.5913512831764
2470.52319,1767.2874185696214,1127.3722692968097
2470.53013,1758.3886576540058,1131.1199380622024
2470.53708,-506.9131092418003,1136.7696920769044
2470.54402,-2958.4023435828085,1139.7786452318323
2470.55097,-1783.6585599110576,1149.475663473075
2470.55791,-1143.4211725530226,1162.1418006231863
2470.56486,-1717.4908372254044,1184.6438517409294
2470.5718,751.4700119178962,1195.7369554795705
2470.57875,-2058.6632926970374,1199.4229859905354
2470.58569,606.466856992029,1204.7995609388445
2470.59263,173.19731015149085,1204.5402190316088
2470.59958,-179.09330270301442,1212.8016320102836
2470.60652,-328.45505793646095,1217.848211678084
2470.61347,502.26749270867083,1216.8004661797736
2470.62041,-353.15962838036756,1225.678890664507
2470.62736,-2073.60784389475,1233.8217443476751
2470.6343,-1413.2371803089493,1243.5053447376133
2470.64124,2817.6793783959624,1258.2121483825335
2470.64819,353.8533732235712,1265.6379856366427
2470.65513,-655.5054345645316,1268.590437058345
2470.66208,2811.6352653452786,1261.6652533810175
2470.66902,1067.7638841865228,1266.6504044483167
2470.67597,2786.2949193688796,1269.6683727220898
2470.68291,-914.5610593633718,1282.300860416978
2470.68986,1194.9228692824843,1280.5790775445666
2470.6968,873.1131070313057,1287.9861507722428
2470.70374,-401.14228395142135,1304.493147858132
2470.71069,1118.1391103682258,1315.4538551421092
2470.71763,450.95092039641963,1311.1065761465677
2470.72458,3609.2744263689183,1300.9452792848135
2470.73152,-2606.340463162251,1307.99384429796
2470.73847,2453.8957469377783,1312.9753264215435
2470.74541,-1523.9560479216148,1319.2576063328743
2470.75236,-3203.37016795509,1320.9851546882676
2470.7593,909.5705621209435,1325.120263910064
2470.76624,1753.3646157833175,1331.6407106820413
2470.77319,-2452.5515507872187,1334.5639153809798
2470.78013,-362.5701545308761,1336.529420943093
2470.78708,-843.8292755220468,1341.920671666266
2470.79402,2269.868448725561,1345.857238619548
2470.80097,489.4199000850651,1353.5505942840311
2470.80791,-576.836572369021,1355.8658025957557
2470.81486,-843.5517985501579,1362.9103841842964
2470.8218,-1286.1161425737075,1370.7084619851291
2470.82874,-1163.5378861205852,1375.8568286343063
2470.83569,49.569840622571604,1378.2248697355406
2470.84263,-968.4412798903988,1387.280766269162
2470.84958,-1867.0036481129848,1390.5556654300146
2470.85652,-95.75303654139938,1398.4932679190165
2470.86347,-1551.445451472887,1401.2295661423682
2470.87041,-2065.403876091971,1408.2749863466156
2470.87735,-257.5973769121971,1416.4259117059587
2470.8843,-910.1909280898282,1417.7234598578436
2470.89124,-91.78219117111388,1426.5420281465254
2470.89819,1916.9458341092438,1428.6600569402588
2470.90513,1673.7138394224569,1436.3153604170593
2470.91208,-808.261277216117,1438.205285738624
2470.91902,-46.90796954317202,1439.2011418900947
2470.92597,-1281.0043605347264,1448.0241129112358
2470.93291,-1495.4293815683636,1451.0810768153613
2470.93985,872.2967146410258,1455.8319396196564
2470.9468,-193.480279282867,1460.472209977657
2470.95374,3519.5953785627466,1457.5596976289767
2470.96069,3944.958456522387,1463.2807339787312
2470.96763,-660.346553384239,1469.4360684374901
2470.97458,6153.846649668788,1474.140807377928
2470.98152,230.6083124568168,1475.6940284933323
2470.98847,424.80267301377,1481.1298306759131
2470.99541,-153.26802719433212,1486.3342797504624
2471.00235,2664.067518761965,1484.1778842881567
2471.0093,-2453.9422901094886,1491.3121977572935
2471.01624,9451.036216000013,1497.1802015096123
2471.02319,-58.16135370871875,1501.3317685646489
2471.03013,698.681564213771,1503.922462135959
2471.03708,850.3329499798932,1506.8055181079487
2471.04402,2511.821554459932,1513.4546923908738
2471.05096,-3427.6465125199657,1516.346239346892
2471.05791,1328.6701241956853,1524.7414115307536
2471.06485,214.0660935112541,1536.2930284069243
2471.0718,-4472.1073627620735,1539.7804118224117
2471.07874,11.613255130598306,1548.4804208155867
2471.08569,989.7595201114513,1561.8276187463412
2471.09263,-2348.033722189317,1572.266707060874
2471.09958,2375.665166275878,1582.1363753106923
2471.10652,873.1556667784105,1587.3018287548896
2471.11346,-2609.216915035552,1597.132606201319
2471.12041,1895.8553828794688,1606.5748949217113
2471.12735,-1360.6724333445336,1613.6055345241318
2471.1343,-392.99607580542755,1626.4449506445992
2471.14124,1799.0986281643507,1641.4244092210954
2471.14819,-65.83772740514445,1647.4924228194152
2471.15513,1025.9939034231602,1659.5899785205188
2471.16208,4166.433405319694,1671.6842845857593
2471.16902,-1418.0200153370545,1677.2348722931674
2471.17596,-914.1181654433751,1692.1893820523953
2471.18291,1175.9883942071624,1703.3472688543636
2471.18985,1348.9989027100296,1708.1555768345545
2471.1968,2485.6363031592336,1723.7785681388277
2471.20374,-1738.1664881613503,1743.2404276665757
2471.21069,566.4693953513204,1743.6789188541127
2471.21763,1919.5080147465326,1762.0861143039717
2471.22457,1576.7422942595103,1772.7242690218357
2471.23152,-1675.2458854912725,1782.281238440092
2471.23846,5225.578626236572,1797.8289639847067
2471.24541,-1245.8388977679178,1806.7545606029307
2471.25235,1073.7278046102729,1825.4462564312205
2471.2593,-3658.9279189082135,1837.916996121717
2471.26624,2411.024244443924,1863.7306358374722
2471.27319,-622.0237024824519,1890.56392742537
2471.28013,-2096.9857242909716,1921.86001732238
2471.28707,1786.7399484976343,1951.7494341986967
2471.29402,1176.8239699317278,1996.769679786533
2473.16206,-21591.902434919644,2277.274264029677
